226.000000 394.000000 172.000000 172.000000 20
576.000000 212.000000 180.000000 176.000000 20
402.000000 28.000000 176.000000 184.000000 20
1052.000000 30.000000 88.000000 82.000000 20
1058.000000 114.000000 76.000000 88.000000 20
1058.000000 214.000000 78.000000 86.000000 20
1058.000000 306.000000 80.000000 90.000000 20
964.000000 304.000000 90.000000 90.000000 20
966.000000 210.000000 86.000000 94.000000 20
968.000000 122.000000 80.000000 80.000000 20
958.000000 34.000000 92.000000 76.000000 20
858.000000 302.000000 90.000000 88.000000 20
856.000000 218.000000 92.000000 82.000000 20
864.000000 124.000000 84.000000 80.000000 20
862.000000 38.000000 86.000000 80.000000 20
768.000000 310.000000 92.000000 78.000000 20
768.000000 218.000000 90.000000 78.000000 20
770.000000 124.000000 90.000000 84.000000 20
770.000000 34.000000 86.000000 84.000000 20
2.000000 14.000000 388.000000 390.000000 20
