568.000000 260.000000 62.000000 50.000000 17
562.000000 718.000000 72.000000 60.000000 17
652.000000 692.000000 64.000000 44.000000 17
360.000000 4.000000 52.000000 44.000000 17
592.000000 518.000000 48.000000 30.000000 17
650.000000 318.000000 54.000000 42.000000 17
150.000000 638.000000 42.000000 28.000000 17
102.000000 478.000000 44.000000 36.000000 17
36.000000 274.000000 58.000000 34.000000 17
92.000000 224.000000 60.000000 44.000000 17
470.000000 680.000000 64.000000 22.000000 17
302.000000 630.000000 82.000000 58.000000 17
618.000000 26.000000 156.000000 90.000000 17
