452.000000 466.000000 132.000000 110.000000 2
338.000000 474.000000 100.000000 100.000000 2
226.000000 472.000000 108.000000 96.000000 2
130.000000 474.000000 92.000000 92.000000 2
18.000000 468.000000 96.000000 104.000000 2
296.000000 166.000000 282.000000 286.000000 2
20.000000 164.000000 276.000000 284.000000 2
442.000000 20.000000 150.000000 142.000000 2
292.000000 20.000000 138.000000 124.000000 2
152.000000 28.000000 134.000000 130.000000 2
14.000000 20.000000 122.000000 134.000000 2
