CarLogo51/Alpha-Romeo/0537 0.074 29.3 434.8 288.0 512.0
CarLogo51/Alpha-Romeo/2338 0.077 532.3 611.5 1032.0 747.2
CarLogo51/Alpha-Romeo/2578 0.070 151.9 253.0 568.5 354.5
CarLogo51/Alpha-Romeo/8152 0.087 799.5 1103.3 1200.0 1200.0
CarLogo51/Alpha-Romeo/9068 0.061 1242.7 176.9 1685.9 362.4
CarLogo51/Alpha-Romeo/9477 0.054 193.1 494.8 1091.8 785.6
CarLogo51/Alpha-Romeo/9580 0.069 85.7 386.6 198.7 432.9
CarLogo51/Alpha-Romeo/9580 0.053 170.5 460.9 222.9 512.0
CarLogo51/Aston-Martin/8544 0.058 530.5 432.1 623.6 495.2
CarLogo51/Aston-Martin/9381 0.054 1.0 250.9 88.3 300.0
CarLogo51/Aston-Martin/9518 0.098 16.5 272.2 64.0 304.0
CarLogo51/Audi/0020 0.051 74.4 108.6 452.0 265.0
CarLogo51/Audi/0813 0.116 195.4 9.7 530.0 350.3
CarLogo51/Audi/1005 0.064 526.6 294.5 704.0 388.7
CarLogo51/Audi/1765 0.107 53.6 619.1 672.6 1111.7
CarLogo51/Audi/1954 0.188 939.2 400.0 1172.1 579.5
CarLogo51/Audi/2120 0.078 350.1 462.8 801.5 512.0
CarLogo51/Audi/2890 0.082 256.1 202.2 442.1 245.9
CarLogo51/Audi/3387 0.135 1.0 86.4 208.8 151.0
CarLogo51/Audi/3423 0.076 333.1 308.8 559.4 381.4
CarLogo51/Audi/3592 0.068 188.3 1112.2 529.9 1280.0
CarLogo51/Audi/4505 0.078 363.1 639.1 565.7 769.9
CarLogo51/Audi/4971 0.133 1.0 223.7 3070.1 1731.3
CarLogo51/Audi/5324 0.056 1.0 107.9 268.6 207.0
CarLogo51/Audi/6174 0.062 129.5 414.5 802.3 651.7
CarLogo51/Audi/6367 0.191 1.0 313.2 614.0 652.8
CarLogo51/Audi/7705 0.079 854.8 1.0 938.3 73.3
CarLogo51/Audi/7912 0.096 809.1 10.4 950.6 111.1
CarLogo51/Audi/9555 0.066 258.7 273.9 658.4 421.0
CarLogo51/Audi/9757 0.060 108.4 871.9 439.3 1024.0
CarLogo51/Bentley/0516 0.130 255.7 388.3 346.2 439.0
CarLogo51/Bentley/1694 0.070 1.0 3.6 32.2 27.0
CarLogo51/Bentley/5806 0.060 526.1 441.4 579.5 481.0
CarLogo51/Benz/0128 0.282 313.3 29.8 551.4 102.6
CarLogo51/Benz/1376 0.054 324.7 36.0 400.0 100.1
CarLogo51/Benz/1376 0.051 313.2 25.3 572.8 116.8
CarLogo51/Benz/3744 0.066 29.4 434.8 288.0 512.0
CarLogo51/Benz/8173 0.084 156.4 818.9 606.5 1024.0
CarLogo51/BMW/9740 0.058 430.2 338.8 483.6 398.3
CarLogo51/Buick/5318 0.198 319.2 165.4 438.6 254.9
CarLogo51/Buick/5318 0.101 339.7 510.8 448.1 585.7
CarLogo51/Buick/6501 0.148 175.0 293.5 414.9 358.7
CarLogo51/Buick/7397 0.051 69.6 1.0 252.5 122.4
CarLogo51/Buick/8895 0.060 1091.9 1319.3 1584.9 1449.6
CarLogo51/nike/tf_nike_149 0.060 24.7 194.0 300.0 282.0
CarLogo51/nike/tf_nike_60 0.209 28.5 139.2 409.6 268.1
CarLogo51/nike/tf_nike_8 0.055 378.6 419.2 426.0 461.8
CarLogo51/nike/tf_nike_90 0.062 403.4 313.1 458.7 353.0
CarLogo51/adidas/tf_adidas_105 0.067 295.6 208.5 372.6 237.8
CarLogo51/adidas/tf_adidas_118 0.209 149.4 156.5 255.8 206.9
CarLogo51/adidas/tf_adidas_14 0.095 42.1 228.5 271.8 285.9
CarLogo51/adidas/tf_adidas_95 0.158 210.2 240.5 446.1 333.8
CarLogo51/vans/202 0.068 231.3 735.1 363.4 800.0
CarLogo51/vans/63 0.112 1921.6 848.0 4761.9 1847.0
CarLogo51/vans/82 0.064 23.8 74.5 113.6 116.9
CarLogo51/converse/tf_converse_111 0.057 1.0 12.0 438.6 286.2
CarLogo51/converse/tf_converse_111 0.051 153.8 45.7 515.3 176.8
CarLogo51/converse/tf_converse_159 0.056 1.0 1.0 483.3 222.4
CarLogo51/converse/tf_converse_214 0.060 61.5 147.5 246.4 218.7
CarLogo51/converse/tf_converse_76 0.114 561.3 549.3 634.5 606.2
CarLogo51/nb/12 0.094 22.3 332.0 559.2 471.4
CarLogo51/nb/122 0.066 158.5 140.3 599.0 301.5
CarLogo51/nb/15 0.084 246.2 82.9 700.0 177.7
CarLogo51/nb/18 0.328 1.0 157.2 291.2 312.5
CarLogo51/nb/18 0.138 280.2 157.1 693.9 279.1
CarLogo51/nb/2 0.065 60.9 256.5 426.1 382.1
CarLogo51/nb/22 0.321 388.0 467.8 640.0 604.4
CarLogo51/nb/282 0.166 632.6 246.0 960.0 350.7
CarLogo51/nb/287 0.571 1.0 172.1 200.6 234.2
CarLogo51/nb/287 0.157 134.0 152.7 500.0 250.0
CarLogo51/nb/3 0.111 149.1 171.6 512.0 268.2
CarLogo51/nb/305 0.074 1.0 303.5 312.7 412.0
CarLogo51/nb/408 0.074 1.0 214.4 280.6 269.7
CarLogo51/nb/53 0.108 1.0 417.9 417.2 580.9
CarLogo51/nb/577 0.051 506.8 709.2 636.1 827.7
CarLogo51/nb/6 0.571 1.0 172.1 200.6 234.2
CarLogo51/nb/6 0.157 134.0 152.7 500.0 250.0
CarLogo51/nb/70 0.119 1.0 498.0 728.3 677.1
CarLogo51/nb/8 0.184 234.3 452.8 826.0 623.1
CarLogo51/nb/8 0.178 7.7 469.6 313.5 594.2
CarLogo51/nb/99 0.063 172.5 192.8 492.0 296.7
CarLogo51/anta/107 0.062 294.8 269.6 400.0 300.0
CarLogo51/lining/122 0.120 253.8 1.0 353.5 93.4
CarLogo51/pessi/111 0.051 520.8 291.9 796.8 411.4
CarLogo51/pessi/262 0.052 267.9 1124.9 440.3 1296.7
CarLogo51/pessi/276 0.067 1.0 1.0 180.0 108.6
CarLogo51/pessi/307 0.106 724.7 678.9 1142.1 932.3
CarLogo51/pessi/326 0.050 617.4 117.1 945.4 274.7
CarLogo51/pessi/329 0.070 662.2 285.0 877.4 448.9
CarLogo51/pessi/345 0.073 1130.4 673.6 1526.5 899.6
CarLogo51/pessi/35 0.158 475.0 331.0 599.2 396.9
CarLogo51/pessi/366 0.102 268.0 406.6 571.7 677.9
CarLogo51/pessi/366 0.097 1206.5 409.1 1494.7 663.9
CarLogo51/yili/147 0.069 248.9 194.6 382.1 243.4
CarLogo51/yili/224 0.226 288.1 162.9 389.0 197.5
CarLogo51/uniquo/219 0.095 538.2 5.5 641.0 47.5
CarLogo51/coca/181 0.113 798.8 503.7 1149.4 615.9
CarLogo51/Haier/118 0.088 151.4 34.4 519.0 119.2
CarLogo51/Haier/15 0.270 330.5 336.0 1024.0 504.3
CarLogo51/Haier/186 0.175 147.2 11.5 228.3 58.1
CarLogo51/Haier/186 0.148 463.1 49.9 525.1 87.0
CarLogo51/Haier/240 0.064 319.7 891.6 983.0 986.6
CarLogo51/Haier/57 0.079 289.1 480.7 968.7 636.1
CarLogo51/Haier/7 0.079 289.1 480.7 968.7 636.1
CarLogo51/Huawei/147 0.071 1.0 56.2 335.4 155.4
CarLogo51/Huawei/18 0.343 223.4 397.8 454.4 465.5
CarLogo51/Huawei/18 0.089 276.7 396.6 332.8 443.9
CarLogo51/Huawei/2 0.155 287.1 17.5 544.3 98.4
CarLogo51/Huawei/227 0.183 1.0 84.7 332.2 178.3
CarLogo51/Huawei/227 0.123 153.5 93.6 253.7 156.9
CarLogo51/Huawei/227 0.103 44.9 95.9 127.2 157.0
CarLogo51/Huawei/230 0.720 1.0 15.2 336.0 101.5
CarLogo51/Huawei/269 0.998 20.9 480.4 655.4 594.0
CarLogo51/Huawei/279 0.160 34.8 29.8 227.9 88.4
CarLogo51/Huawei/304 0.999 290.4 114.5 609.0 194.7
CarLogo51/Huawei/313 0.075 49.8 386.4 439.4 457.2
CarLogo51/Huawei/319 0.541 290.5 75.5 490.5 134.1
CarLogo51/Huawei/321 0.142 1.0 73.5 235.5 173.3
CarLogo51/Huawei/44 0.095 417.6 350.0 576.3 403.1
CarLogo51/Huawei/44 0.068 42.1 373.4 118.9 411.2
CarLogo51/Huawei/44 0.065 279.4 362.8 354.7 412.1
CarLogo51/Huawei/76 0.504 1.0 146.9 308.0 220.0
CarLogo51/Huawei/86 0.115 1.0 242.5 392.3 325.7
CarLogo51/Huawei/96 0.090 389.4 181.9 511.4 272.8
CarLogo51/Apple/395 0.070 278.5 833.8 452.1 903.3
CarLogo51/Apple/397 0.063 101.7 304.7 549.5 528.0
CarLogo51/Apple/506 0.052 406.9 313.9 450.6 354.0
CarLogo51/Lenovo/0 0.999 557.9 440.0 1342.5 648.9
CarLogo51/Lenovo/1 0.999 61.4 342.9 504.7 458.8
CarLogo51/Lenovo/1 0.999 1.0 47.8 589.0 162.9
CarLogo51/Lenovo/1 0.119 70.4 49.3 518.0 439.4
CarLogo51/Lenovo/1 0.091 275.0 1.0 493.8 205.6
CarLogo51/Lenovo/100 0.997 1.0 1.0 742.7 118.0
CarLogo51/Lenovo/100 0.243 119.1 74.4 701.0 118.0
CarLogo51/Lenovo/104 0.999 75.9 87.8 441.6 176.5
CarLogo51/Lenovo/106 1.000 1.0 48.5 347.4 126.0
CarLogo51/Lenovo/109 1.000 110.9 133.1 651.2 232.9
CarLogo51/Lenovo/109 0.054 1.0 56.3 717.2 318.6
CarLogo51/Lenovo/11 1.000 10.6 103.0 1508.8 450.7
CarLogo51/Lenovo/112 0.999 67.9 167.6 466.9 249.5
CarLogo51/Lenovo/115 1.000 1.0 166.1 951.2 341.5
CarLogo51/Lenovo/116 0.999 1.0 132.1 390.0 230.6
CarLogo51/Lenovo/116 0.343 60.7 176.6 288.5 246.0
CarLogo51/Lenovo/117 0.998 30.8 5.0 436.5 84.6
CarLogo51/Lenovo/118 0.998 1.0 52.8 271.3 111.0
CarLogo51/Lenovo/12 1.000 67.7 35.6 454.8 117.7
CarLogo51/Lenovo/12 1.000 65.5 215.9 431.3 294.1
CarLogo51/Lenovo/12 0.153 1.0 2.6 413.6 347.8
CarLogo51/Lenovo/120 0.999 9.3 231.0 453.1 337.8
CarLogo51/Lenovo/122 0.999 41.3 54.5 335.9 124.0
CarLogo51/Lenovo/123 0.999 28.6 16.8 398.2 100.8
CarLogo51/Lenovo/124 0.997 25.5 107.9 287.9 159.3
CarLogo51/Lenovo/129 1.000 43.6 110.0 450.6 195.2
CarLogo51/Lenovo/13 0.998 62.3 109.9 452.0 199.7
CarLogo51/Lenovo/131 0.997 33.2 74.4 355.8 129.2
CarLogo51/Lenovo/131 0.128 1.0 13.8 351.8 223.0
CarLogo51/Lenovo/131 0.101 126.9 56.3 234.2 143.2
CarLogo51/Lenovo/131 0.079 55.5 62.8 166.7 165.2
CarLogo51/Lenovo/132 0.998 119.5 64.4 446.8 150.6
CarLogo51/Lenovo/135 1.000 51.9 12.3 457.6 148.0
CarLogo51/Lenovo/137 0.815 53.7 27.6 584.0 236.0
CarLogo51/Lenovo/137 0.507 160.4 66.3 345.3 239.0
CarLogo51/Lenovo/137 0.342 240.0 37.3 493.1 160.5
CarLogo51/Lenovo/137 0.101 78.3 101.9 256.7 262.4
CarLogo51/Lenovo/138 0.996 251.4 310.8 958.9 501.2
CarLogo51/Lenovo/138 0.209 1.0 54.1 959.6 550.8
CarLogo51/Lenovo/139 0.990 9.2 65.0 123.7 97.2
CarLogo51/Lenovo/14 0.972 561.3 331.4 998.0 436.1
CarLogo51/Lenovo/14 0.085 538.6 62.5 752.8 166.3
CarLogo51/Lenovo/141 0.998 1.0 114.3 243.6 192.6
CarLogo51/Lenovo/141 0.069 71.2 127.2 165.9 218.1
CarLogo51/Lenovo/142 0.997 209.5 273.5 887.6 486.8
CarLogo51/Lenovo/143 1.000 1.0 1.0 741.7 130.7
CarLogo51/Lenovo/144 0.951 142.4 262.7 377.6 323.4
CarLogo51/Lenovo/144 0.081 113.1 282.0 526.0 368.6
CarLogo51/Lenovo/151 0.999 72.4 29.4 366.9 88.6
CarLogo51/Lenovo/154 0.999 109.0 93.6 801.1 250.6
CarLogo51/Lenovo/155 0.965 669.9 357.3 2842.6 1196.1
CarLogo51/Lenovo/155 0.324 1304.8 424.2 2090.1 1025.0
CarLogo51/Lenovo/156 1.000 1.0 56.8 173.3 99.4
CarLogo51/Lenovo/16 1.000 57.3 149.1 454.1 230.4
CarLogo51/Lenovo/162 0.741 396.6 21.5 559.4 108.9
CarLogo51/Lenovo/162 0.361 629.6 27.1 817.7 81.0
CarLogo51/Lenovo/162 0.126 405.9 1.0 486.0 77.3
CarLogo51/Lenovo/162 0.121 696.6 136.8 797.7 194.4
CarLogo51/Lenovo/165 0.935 57.4 157.5 314.4 244.2
CarLogo51/Lenovo/17 0.998 62.5 343.4 455.4 446.4
CarLogo51/Lenovo/179 0.999 92.8 462.3 923.6 652.1
CarLogo51/Lenovo/18 1.000 282.0 423.7 1159.0 635.7
CarLogo51/Lenovo/18 0.210 1.0 272.5 1280.0 875.0
CarLogo51/Lenovo/184 1.000 1.0 52.2 470.4 195.9
CarLogo51/Lenovo/184 0.240 143.2 83.2 325.0 213.2
CarLogo51/Lenovo/185 0.992 25.1 77.5 149.0 112.7
CarLogo51/Lenovo/192 0.992 245.8 312.3 460.0 366.0
CarLogo51/Lenovo/194 1.000 104.2 120.0 939.3 316.2
CarLogo51/Lenovo/197 1.000 11.4 37.9 375.0 111.1
CarLogo51/Lenovo/197 0.056 128.1 17.4 258.5 137.2
CarLogo51/Lenovo/198 0.969 36.2 95.3 182.9 146.3
CarLogo51/Lenovo/198 0.090 144.1 104.9 172.4 131.1
CarLogo51/Lenovo/2 0.999 96.0 42.2 407.4 137.0
CarLogo51/Lenovo/201 0.999 6.0 163.4 381.8 232.0
CarLogo51/Lenovo/202 0.998 231.1 105.6 469.4 158.0
CarLogo51/Lenovo/202 0.053 303.5 135.3 485.9 176.5
CarLogo51/Lenovo/204 0.999 59.7 60.0 864.1 226.1
CarLogo51/Lenovo/205 0.994 17.6 53.3 361.1 171.9
CarLogo51/Lenovo/205 0.099 726.4 294.7 1024.0 421.7
CarLogo51/Lenovo/207 0.999 67.9 53.1 367.6 123.2
CarLogo51/Lenovo/208 0.989 7.5 1.0 364.2 70.3
CarLogo51/Lenovo/208 0.514 1.0 237.4 354.9 322.7
CarLogo51/Lenovo/208 0.414 27.2 1.0 499.7 17.5
CarLogo51/Lenovo/209 0.998 237.0 82.5 480.0 142.1
CarLogo51/Lenovo/210 1.000 22.5 90.9 475.8 193.0
CarLogo51/Lenovo/211 0.999 76.1 56.6 375.3 129.1
CarLogo51/Lenovo/213 0.970 290.3 153.9 800.0 330.0
CarLogo51/Lenovo/213 0.102 256.4 61.5 548.0 286.4
CarLogo51/Lenovo/214 0.952 9.1 531.4 268.1 603.3
CarLogo51/Lenovo/214 0.163 735.5 232.6 1024.0 338.6
CarLogo51/Lenovo/214 0.085 60.0 557.2 147.7 607.4
CarLogo51/Lenovo/214 0.064 709.9 76.9 1024.0 210.6
CarLogo51/Lenovo/218 0.997 1.0 168.9 577.0 287.5
CarLogo51/Lenovo/218 0.051 75.4 218.6 356.9 303.0
CarLogo51/Lenovo/22 1.000 55.4 1.0 1699.0 279.3
CarLogo51/Lenovo/222 1.000 25.4 36.5 411.2 124.3
CarLogo51/Lenovo/223 0.999 20.8 51.4 570.0 165.4
CarLogo51/Lenovo/225 1.000 2.1 1.0 500.0 92.3
CarLogo51/Lenovo/226 0.999 105.8 149.6 294.1 194.8
CarLogo51/Lenovo/227 0.999 1.0 208.8 599.1 306.9
CarLogo51/Lenovo/227 0.299 101.4 1.0 460.1 340.4
CarLogo51/Lenovo/229 0.999 21.0 32.1 509.8 131.1
CarLogo51/Lenovo/229 0.127 1.0 1.0 494.9 360.4
CarLogo51/Lenovo/230 1.000 56.4 33.6 421.1 98.2
CarLogo51/Lenovo/230 0.171 1.0 26.5 418.8 248.0
CarLogo51/Lenovo/232 0.997 37.1 175.4 215.5 239.5
CarLogo51/Lenovo/234 0.998 12.3 35.4 306.0 109.5
CarLogo51/Lenovo/236 0.999 340.0 113.2 701.7 199.5
CarLogo51/Lenovo/236 0.052 66.6 62.2 744.0 244.7
CarLogo51/Lenovo/239 1.000 30.1 48.1 406.7 122.2
CarLogo51/Lenovo/240 0.993 1063.1 283.3 1800.2 435.6
CarLogo51/Lenovo/240 0.608 1067.1 374.1 1752.9 509.7
CarLogo51/Lenovo/240 0.050 651.4 239.8 1990.0 545.1
CarLogo51/Lenovo/241 1.000 12.0 21.6 344.9 94.8
CarLogo51/Lenovo/241 0.398 88.5 35.1 210.8 118.8
CarLogo51/Lenovo/241 0.168 231.6 1.0 335.2 113.7
CarLogo51/Lenovo/243 0.999 16.3 109.5 299.1 179.4
CarLogo51/Lenovo/244 0.903 155.9 107.7 239.2 139.2
CarLogo51/Lenovo/244 0.269 160.3 112.0 184.7 130.6
CarLogo51/Lenovo/245 0.984 253.8 114.5 521.7 174.0
CarLogo51/Lenovo/245 0.237 332.1 128.6 451.6 213.5
CarLogo51/Lenovo/246 0.915 1.0 1.0 185.2 18.4
CarLogo51/Lenovo/25 0.999 2.6 1.0 423.0 91.8
CarLogo51/Lenovo/25 0.997 2.2 242.6 303.0 309.8
CarLogo51/Lenovo/25 0.108 1.0 1.0 276.1 342.0
CarLogo51/Lenovo/25 0.069 108.2 254.4 216.8 342.0
CarLogo51/Lenovo/250 0.996 83.2 131.1 332.0 213.7
CarLogo51/Lenovo/254 1.000 124.6 249.2 860.2 414.3
CarLogo51/Lenovo/258 0.999 215.6 87.3 470.2 154.3
CarLogo51/Lenovo/259 0.996 25.2 66.2 272.0 145.7
CarLogo51/Lenovo/26 1.000 24.8 94.3 325.0 161.2
CarLogo51/Lenovo/260 0.999 47.8 21.9 460.1 117.8
CarLogo51/Lenovo/261 0.986 272.6 54.3 423.7 90.6
CarLogo51/Lenovo/264 1.000 83.1 230.6 630.8 331.2
CarLogo51/Lenovo/268 1.000 24.8 94.3 325.0 161.2
CarLogo51/Lenovo/27 0.996 175.5 169.7 438.1 242.4
CarLogo51/Lenovo/270 0.964 15.1 27.0 197.2 84.6
CarLogo51/Lenovo/275 0.997 260.4 106.9 549.3 173.6
CarLogo51/Lenovo/277 0.998 88.0 20.8 416.3 95.6
CarLogo51/Lenovo/277 0.053 62.6 61.1 418.0 135.1
CarLogo51/Lenovo/278 0.999 35.5 33.4 496.5 113.5
CarLogo51/Lenovo/278 0.298 64.2 78.4 554.7 145.0
CarLogo51/Lenovo/278 0.055 166.9 46.7 351.5 167.8
CarLogo51/Lenovo/28 0.998 103.6 34.8 454.4 128.3
CarLogo51/Lenovo/284 0.557 16.4 48.8 211.3 101.7
CarLogo51/Lenovo/284 0.115 25.5 334.1 208.8 399.8
CarLogo51/Lenovo/284 0.068 256.0 464.8 454.1 534.7
CarLogo51/Lenovo/284 0.052 298.7 321.5 447.7 404.8
CarLogo51/Lenovo/286 0.999 12.2 60.4 231.3 109.9
CarLogo51/Lenovo/288 0.997 34.0 245.5 577.2 346.6
CarLogo51/Lenovo/29 0.998 30.4 38.1 553.8 184.7
CarLogo51/Lenovo/29 0.050 244.4 1.0 424.4 152.0
CarLogo51/Lenovo/290 0.999 109.0 93.6 801.1 250.6
CarLogo51/Lenovo/294 0.994 39.3 322.6 464.3 398.2
CarLogo51/Lenovo/298 1.000 38.4 90.9 424.7 180.5
CarLogo51/Lenovo/299 0.998 3.4 199.2 293.7 261.1
CarLogo51/Lenovo/3 0.999 44.3 259.6 623.7 387.3
CarLogo51/Lenovo/30 1.000 140.3 128.7 501.1 208.6
CarLogo51/Lenovo/30 0.607 240.8 137.5 360.1 227.2
CarLogo51/Lenovo/300 1.000 7.2 226.1 1024.0 443.6
CarLogo51/Lenovo/301 0.996 50.8 217.7 318.0 282.3
CarLogo51/Lenovo/305 0.951 193.6 131.0 430.9 342.2
CarLogo51/Lenovo/305 0.280 68.8 19.0 525.4 386.8
CarLogo51/Lenovo/305 0.267 151.2 236.2 349.9 401.0
CarLogo51/Lenovo/31 0.989 336.7 126.6 502.1 171.4
CarLogo51/Lenovo/31 0.473 278.4 146.4 566.3 188.7
CarLogo51/Lenovo/310 0.962 169.2 69.0 308.0 195.8
CarLogo51/Lenovo/310 0.597 177.4 102.6 252.4 169.1
CarLogo51/Lenovo/310 0.197 110.8 37.5 390.2 262.3
CarLogo51/Lenovo/310 0.063 133.9 115.0 265.0 244.1
CarLogo51/Lenovo/317 0.994 99.4 181.9 532.1 322.7
CarLogo51/Lenovo/32 0.999 89.8 111.0 517.4 216.8
CarLogo51/Lenovo/32 0.998 29.4 363.4 596.0 485.8
CarLogo51/Lenovo/32 0.524 71.2 51.8 596.0 514.0
CarLogo51/Lenovo/321 0.994 574.2 751.5 1616.5 1077.9
CarLogo51/Lenovo/325 1.000 57.3 149.1 454.1 230.4
CarLogo51/Lenovo/327 1.000 1.0 56.8 173.3 99.4
CarLogo51/Lenovo/331 0.999 91.6 136.9 443.5 214.5
CarLogo51/Lenovo/342 0.998 231.6 228.6 871.8 365.7
CarLogo51/Lenovo/342 0.083 105.0 287.2 768.8 437.3
CarLogo51/Lenovo/342 0.071 138.2 1.0 938.7 498.0
CarLogo51/Lenovo/343 0.993 33.9 104.0 296.4 172.1
CarLogo51/Lenovo/343 0.985 338.6 109.1 563.8 148.3
CarLogo51/Lenovo/343 0.157 362.7 83.5 634.7 178.5
CarLogo51/Lenovo/344 1.000 27.1 85.5 564.0 248.5
CarLogo51/Lenovo/344 0.063 251.5 123.5 592.0 204.1
CarLogo51/Lenovo/344 0.055 107.5 112.6 417.3 191.2
CarLogo51/Lenovo/348 0.982 158.7 159.7 760.2 562.1
CarLogo51/Lenovo/348 0.874 370.9 225.1 655.0 463.4
CarLogo51/Lenovo/348 0.394 470.7 82.6 795.8 396.6
CarLogo51/Lenovo/348 0.360 252.7 391.5 681.7 538.5
CarLogo51/Lenovo/348 0.132 413.0 335.8 904.7 510.6
CarLogo51/Lenovo/35 0.999 100.7 187.7 524.9 291.1
CarLogo51/Lenovo/36 0.998 1.0 73.4 292.5 140.7
CarLogo51/Lenovo/360 0.978 171.8 176.2 656.8 281.6
CarLogo51/Lenovo/37 0.989 294.1 107.3 503.5 174.8
CarLogo51/Lenovo/373 0.885 205.8 127.1 1324.6 1045.0
CarLogo51/Lenovo/373 0.573 307.5 240.2 852.7 712.6
CarLogo51/Lenovo/373 0.454 439.4 476.8 1600.0 837.4
CarLogo51/Lenovo/373 0.116 890.5 623.6 1600.0 1054.0
CarLogo51/Lenovo/373 0.059 352.6 254.5 598.2 539.8
CarLogo51/Lenovo/374 1.000 1.0 43.1 102.8 65.5
CarLogo51/Lenovo/377 0.997 544.5 120.9 877.8 194.5
CarLogo51/Lenovo/377 0.072 696.9 469.0 789.5 527.3
CarLogo51/Lenovo/38 0.999 64.5 34.7 609.7 175.5
CarLogo51/Lenovo/380 0.970 140.6 133.9 359.4 194.8
CarLogo51/Lenovo/380 0.148 152.5 142.3 223.0 198.7
CarLogo51/Lenovo/380 0.098 57.9 99.5 499.7 218.9
CarLogo51/Lenovo/386 0.999 33.3 24.9 195.2 67.8
CarLogo51/Lenovo/39 0.999 12.5 101.5 300.0 167.2
CarLogo51/Lenovo/393 1.000 51.4 155.1 518.7 238.6
CarLogo51/Lenovo/395 0.956 392.7 312.0 538.2 361.3
CarLogo51/Lenovo/398 1.000 30.6 74.2 207.9 117.9
CarLogo51/Lenovo/40 1.000 20.7 46.2 442.3 142.2
CarLogo51/Lenovo/404 0.996 149.1 49.9 328.2 108.6
CarLogo51/Lenovo/41 0.999 6.3 84.8 460.4 181.5
CarLogo51/Lenovo/41 0.056 342.9 64.4 445.3 216.7
CarLogo51/Lenovo/42 0.998 278.8 136.3 573.8 201.6
CarLogo51/Lenovo/42 0.994 263.4 334.7 548.5 427.6
CarLogo51/Lenovo/42 0.976 299.0 463.3 576.2 544.1
CarLogo51/Lenovo/42 0.170 342.4 166.8 615.6 238.4
CarLogo51/Lenovo/46 0.996 174.6 169.7 441.2 244.5
CarLogo51/Lenovo/47 0.999 10.3 55.0 432.8 148.2
CarLogo51/Lenovo/48 0.998 83.9 151.2 462.6 239.8
CarLogo51/Lenovo/480 0.999 27.5 10.6 500.0 116.2
CarLogo51/Lenovo/49 0.998 16.5 122.1 233.9 180.7
CarLogo51/Lenovo/5 0.999 55.2 130.9 444.1 209.4
CarLogo51/Lenovo/50 0.990 324.2 42.4 607.5 118.8
CarLogo51/Lenovo/50 0.965 69.2 58.2 223.1 109.6
CarLogo51/Lenovo/50 0.592 9.6 46.7 401.5 120.2
CarLogo51/Lenovo/50 0.119 63.5 83.6 294.8 135.6
CarLogo51/Lenovo/507 1.000 41.1 85.4 386.4 144.1
CarLogo51/Lenovo/507 0.195 79.1 45.9 425.0 241.0
CarLogo51/Lenovo/51 0.994 41.2 319.6 373.6 398.2
CarLogo51/Lenovo/517 0.994 1.0 110.0 211.0 158.0
CarLogo51/Lenovo/52 0.999 234.6 244.1 1008.2 433.8
CarLogo51/Lenovo/54 1.000 28.3 13.3 449.2 98.3
CarLogo51/Lenovo/549 0.998 114.1 328.1 778.5 463.9
CarLogo51/Lenovo/55 0.996 175.5 169.7 438.1 242.4
CarLogo51/Lenovo/56 0.999 63.3 24.7 370.6 91.7
CarLogo51/Lenovo/56 0.999 79.5 166.6 318.7 228.6
CarLogo51/Lenovo/56 0.450 58.7 60.2 360.7 240.9
CarLogo51/Lenovo/569 1.000 11.9 30.5 404.2 97.9
CarLogo51/Lenovo/569 0.116 165.4 23.3 296.9 131.2
CarLogo51/Lenovo/573 0.999 8.5 144.7 261.4 212.9
CarLogo51/Lenovo/58 1.000 57.3 149.1 454.1 230.4
CarLogo51/Lenovo/581 0.999 19.1 80.0 535.8 203.3
CarLogo51/Lenovo/590 1.000 25.8 109.4 469.6 201.1
CarLogo51/Lenovo/591 1.000 38.8 165.1 480.0 248.5
CarLogo51/Lenovo/6 0.996 14.9 1.0 492.0 84.8
CarLogo51/Lenovo/6 0.747 1.0 297.4 422.6 463.9
CarLogo51/Lenovo/6 0.473 142.3 1.0 454.3 29.7
CarLogo51/Lenovo/6 0.264 66.6 1.0 291.6 21.1
CarLogo51/Lenovo/60 0.999 61.4 342.9 504.7 458.8
CarLogo51/Lenovo/60 0.999 1.0 47.8 589.0 162.9
CarLogo51/Lenovo/60 0.119 70.4 49.3 518.0 439.4
CarLogo51/Lenovo/60 0.091 275.0 1.0 493.8 205.6
CarLogo51/Lenovo/61 0.998 126.0 71.4 752.9 206.5
CarLogo51/Lenovo/61 0.074 307.6 136.9 827.9 235.0
CarLogo51/Lenovo/62 0.991 1.0 398.1 491.7 535.0
CarLogo51/Lenovo/62 0.536 341.9 12.7 538.4 79.4
CarLogo51/Lenovo/62 0.105 11.4 90.6 215.7 165.6
CarLogo51/Lenovo/62 0.076 87.3 503.9 457.0 535.0
CarLogo51/Lenovo/628 0.999 66.6 160.1 560.1 264.9
CarLogo51/Lenovo/63 0.999 11.1 72.5 202.2 118.5
CarLogo51/Lenovo/64 0.998 1.0 1.0 190.7 47.9
CarLogo51/Lenovo/64 0.996 1.6 112.0 139.2 149.8
CarLogo51/Lenovo/64 0.086 1.0 14.1 125.4 158.0
CarLogo51/Lenovo/65 0.995 1.0 60.1 113.3 89.4
CarLogo51/Lenovo/66 0.999 21.9 32.9 382.7 104.9
CarLogo51/Lenovo/679 1.000 25.4 47.4 515.5 130.7
CarLogo51/Lenovo/69 0.999 46.3 38.1 342.4 99.2
CarLogo51/Lenovo/7 0.998 27.9 30.7 412.1 138.4
CarLogo51/Lenovo/7 0.079 169.3 18.9 299.4 124.4
CarLogo51/Lenovo/704 0.999 38.7 112.3 834.5 290.1
CarLogo51/Lenovo/71 1.000 67.7 35.6 454.8 117.7
CarLogo51/Lenovo/71 1.000 65.5 215.9 431.3 294.1
CarLogo51/Lenovo/71 0.153 1.0 2.6 413.6 347.8
CarLogo51/Lenovo/72 0.996 14.9 1.0 492.0 84.8
CarLogo51/Lenovo/72 0.747 1.0 297.4 422.6 463.9
CarLogo51/Lenovo/72 0.473 142.3 1.0 454.3 29.7
CarLogo51/Lenovo/72 0.264 66.6 1.0 291.6 21.1
CarLogo51/Lenovo/73 0.999 12.8 78.8 222.8 133.0
CarLogo51/Lenovo/73 0.052 17.1 107.6 250.0 158.9
CarLogo51/Lenovo/75 0.999 27.8 64.5 477.8 137.7
CarLogo51/Lenovo/75 0.067 95.5 38.0 369.5 241.1
CarLogo51/Lenovo/77 0.999 96.0 42.2 407.4 137.0
CarLogo51/Lenovo/78 1.000 55.4 1.0 1699.0 279.3
CarLogo51/Lenovo/79 0.999 18.2 88.0 488.1 188.3
CarLogo51/Lenovo/79 0.068 296.6 80.6 600.0 178.0
CarLogo51/Lenovo/790 0.999 63.2 75.6 308.7 124.2
CarLogo51/Lenovo/8 0.999 11.3 89.1 770.8 216.5
CarLogo51/Lenovo/8 0.057 1.0 1.0 789.7 594.3
CarLogo51/Lenovo/8 0.055 190.0 1.0 497.9 248.7
CarLogo51/Lenovo/80 1.000 29.0 1.0 481.0 101.0
CarLogo51/Lenovo/80 0.592 202.8 141.9 630.2 246.7
CarLogo51/Lenovo/80 0.099 1.0 1.0 623.9 244.7
CarLogo51/Lenovo/81 0.999 75.0 75.3 587.4 194.9
CarLogo51/Lenovo/81 0.204 264.4 135.5 610.5 185.0
CarLogo51/Lenovo/82 0.999 21.5 17.6 359.6 117.3
CarLogo51/Lenovo/83 0.998 37.3 155.0 379.6 224.2
CarLogo51/Lenovo/83 0.319 64.3 200.3 346.0 247.4
CarLogo51/Lenovo/84 1.000 24.1 69.4 230.8 115.6
CarLogo51/Lenovo/85 1.000 1.0 76.1 320.0 155.8
CarLogo51/Lenovo/85 0.076 99.7 57.4 211.4 147.8
CarLogo51/Lenovo/86 0.972 561.3 331.4 998.0 436.1
CarLogo51/Lenovo/86 0.085 538.6 62.5 752.8 166.3
CarLogo51/Lenovo/87 1.000 1.0 92.5 295.0 161.9
CarLogo51/Lenovo/88 1.000 1.0 115.0 480.0 233.1
CarLogo51/Lenovo/89 1.000 1.0 99.0 345.0 160.8
CarLogo51/Lenovo/9 1.000 1.0 399.8 990.0 626.3
CarLogo51/Lenovo/90 1.000 33.4 5.1 474.2 98.6
CarLogo51/Lenovo/90 0.203 1.0 37.2 309.5 76.8
CarLogo51/Lenovo/91 0.997 10.2 34.3 379.7 134.9
CarLogo51/Lenovo/91 0.339 122.8 46.0 251.8 166.3
CarLogo51/Lenovo/92 0.988 139.0 214.5 526.8 301.7
CarLogo51/Lenovo/93 0.999 180.6 174.8 800.5 322.9
CarLogo51/Lenovo/94 0.998 29.8 34.8 268.0 115.3
CarLogo51/Lenovo/95 0.997 24.6 407.5 843.4 577.4
CarLogo51/Lenovo/95 0.161 265.9 419.9 627.6 725.4
CarLogo51/Lenovo/98 1.000 135.6 19.1 463.5 96.2
CarLogo51/Lenovo/98 0.999 117.7 168.6 399.8 230.6
CarLogo51/Lenovo/98 0.213 133.0 1.0 378.3 240.0
CarLogo51/McDonalds/154 0.071 101.9 342.1 411.4 439.9
CarLogo51/McDonalds/174 0.057 52.7 249.5 600.0 350.0
CarLogo51/McDonalds/18 0.101 1.0 279.3 488.1 403.7
CarLogo51/McDonalds/182 0.181 92.5 245.0 329.2 310.0
CarLogo51/McDonalds/22 0.058 321.1 210.1 690.0 407.0
CarLogo51/McDonalds/227 0.133 159.4 440.5 233.3 497.0
CarLogo51/McDonalds/229 0.076 126.2 169.8 188.3 231.4
CarLogo51/McDonalds/38 0.108 1.0 211.5 134.2 265.0
CarLogo51/McDonalds/41 0.108 664.6 43.9 1024.0 173.5
CarLogo51/McDonalds/70 0.101 1.0 279.3 488.1 403.7
CarLogo51/McDonalds/74 0.058 321.1 210.1 690.0 407.0
CarLogo51/McDonalds/90 0.108 1.0 211.5 134.2 265.0
CarLogo51/McDonalds/93 0.108 664.6 43.9 1024.0 173.5
CarLogo51/Amazon/187 0.150 343.3 111.6 500.0 183.2
CarLogo51/Amazon/195 0.087 132.8 246.9 431.4 343.4
CarLogo51/Amazon/224 0.150 343.3 111.6 500.0 183.2
CarLogo51/Amazon/277 0.072 206.9 238.9 466.2 318.9
CarLogo51/Amazon/294 0.391 1.0 221.0 591.1 353.0
CarLogo51/Amazon/296 0.137 66.8 16.1 190.6 122.8
CarLogo51/Amazon/320 0.137 66.8 16.1 190.6 122.8
CarLogo51/Amazon/350 0.172 367.3 114.0 640.0 203.5
CarLogo51/Amazon/384 0.218 1.0 90.9 358.8 205.5
