CarLogo51/Acura/1911 0.106 153.9 308.6 434.6 400.0
CarLogo51/Acura/6651 0.073 147.0 738.1 895.2 877.0
CarLogo51/Alpha-Romeo/1375 0.053 97.5 78.8 146.2 165.5
CarLogo51/Alpha-Romeo/3370 0.061 1.0 1.0 253.2 126.4
CarLogo51/Alpha-Romeo/6234 0.062 105.7 271.8 559.7 401.0
CarLogo51/Alpha-Romeo/7607 0.065 246.3 107.0 318.2 159.6
CarLogo51/Alpha-Romeo/8077 0.250 457.5 483.9 857.2 650.4
CarLogo51/Alpha-Romeo/8077 0.069 472.6 390.1 880.9 1014.8
CarLogo51/Audi/3059 0.221 197.6 286.6 509.2 457.2
CarLogo51/Audi/3059 0.073 109.1 180.6 729.0 474.5
CarLogo51/Audi/3085 0.059 442.8 1.0 580.0 93.5
CarLogo51/Audi/6000 0.056 349.8 516.3 978.7 694.0
CarLogo51/Audi/6174 0.079 129.9 394.5 667.3 632.5
CarLogo51/Audi/8038 0.135 1.0 129.3 230.1 225.0
CarLogo51/Bentley/2810 0.097 1.0 169.2 291.7 258.2
CarLogo51/Benz/0128 0.205 283.9 441.2 600.0 600.0
CarLogo51/Benz/1376 0.067 6.6 31.3 383.5 142.6
CarLogo51/Benz/1610 0.061 4.3 113.6 172.0 151.7
CarLogo51/Benz/2272 0.057 352.0 506.1 425.3 578.2
CarLogo51/Benz/2602 0.078 1.0 113.5 198.0 150.0
CarLogo51/Benz/3894 0.115 89.8 282.4 155.0 345.1
CarLogo51/Benz/3894 0.054 156.2 293.8 230.4 360.0
CarLogo51/Benz/3950 0.053 135.6 120.3 200.0 146.6
CarLogo51/Benz/4478 0.054 1.0 135.4 129.5 174.0
CarLogo51/Benz/7884 0.082 490.3 389.5 582.3 440.0
CarLogo51/Benz/8223 0.098 34.3 324.3 511.0 467.3
CarLogo51/Benz/9322 0.224 276.7 436.1 325.7 484.1
CarLogo51/Benz/9322 0.135 464.6 385.4 542.5 462.7
CarLogo51/Benz/9322 0.064 232.0 424.7 315.9 534.9
CarLogo51/Benz/9322 0.053 264.1 412.9 319.1 460.5
CarLogo51/BMW/7256 0.111 703.0 52.7 855.2 167.7
CarLogo51/Bugatti/0599 0.063 38.8 98.6 306.6 208.7
CarLogo51/Bugatti/2503 0.063 1.0 494.6 231.0 600.0
CarLogo51/Bugatti/3859 0.067 56.7 84.0 250.0 152.3
CarLogo51/Bugatti/5821 0.078 167.7 312.6 331.4 473.3
CarLogo51/Buick/2054 0.157 114.6 152.1 350.0 236.4
CarLogo51/Buick/4451 0.063 350.7 201.0 401.9 239.9
CarLogo51/Buick/5116 0.051 665.4 390.3 943.3 477.8
CarLogo51/Buick/5411 0.090 124.0 372.2 750.0 518.8
CarLogo51/Buick/5762 0.098 585.3 57.5 660.0 125.9
CarLogo51/nike/tf_nike_103 0.126 893.4 274.5 1071.1 460.0
CarLogo51/nike/tf_nike_142 0.069 301.7 290.1 378.1 369.3
CarLogo51/nike/tf_nike_145 0.089 166.1 98.9 461.3 253.7
CarLogo51/nike/tf_nike_151 0.929 1.0 1.0 539.3 256.5
CarLogo51/nike/tf_nike_151 0.228 198.4 9.7 354.7 213.1
CarLogo51/nike/tf_nike_17 0.072 164.3 339.0 224.7 360.0
CarLogo51/nike/tf_nike_183 0.101 1.0 1.0 750.0 283.5
CarLogo51/nike/tf_nike_21 0.102 284.5 263.0 397.2 386.4
CarLogo51/adidas/tf_adidas_112 0.056 232.9 359.1 610.4 442.5
CarLogo51/adidas/tf_adidas_120 0.083 28.1 99.0 125.4 158.9
CarLogo51/adidas/tf_adidas_133 0.076 1.0 22.2 320.0 361.6
CarLogo51/adidas/tf_adidas_186 0.054 244.2 261.7 428.2 352.1
CarLogo51/adidas/tf_adidas_191 0.092 111.8 250.0 214.6 313.9
CarLogo51/adidas/tf_adidas_195 0.056 113.3 1.0 815.5 241.3
CarLogo51/adidas/tf_adidas_205 0.089 85.9 179.5 450.0 263.0
CarLogo51/adidas/tf_adidas_44 0.050 574.9 208.0 725.2 376.3
CarLogo51/adidas/tf_adidas_50 0.272 149.4 171.8 206.1 219.0
CarLogo51/adidas/tf_adidas_50 0.064 128.6 142.7 256.7 254.5
CarLogo51/adidas/tf_adidas_66 0.080 44.0 530.4 603.8 788.8
CarLogo51/adidas/tf_adidas_91 0.053 640.2 470.8 729.7 587.5
CarLogo51/adidas/tf_adidas_97 0.174 1.0 321.3 694.7 445.0
CarLogo51/adidas/tf_adidas_97 0.053 390.9 79.4 750.0 437.6
CarLogo51/vans/102 0.143 150.8 225.1 208.9 284.0
CarLogo51/vans/102 0.054 111.9 248.8 216.9 307.2
CarLogo51/vans/11 0.051 238.2 370.9 676.6 528.3
CarLogo51/vans/128 0.053 54.7 727.8 189.8 907.1
CarLogo51/vans/130 0.101 320.6 616.5 446.5 734.1
CarLogo51/vans/131 0.115 30.8 16.5 81.1 42.2
CarLogo51/vans/164 0.096 656.7 345.1 786.9 480.1
CarLogo51/vans/193 0.060 363.4 259.2 410.6 289.0
CarLogo51/vans/222 0.084 284.4 130.9 333.9 208.9
CarLogo51/vans/230 0.059 547.4 280.4 629.7 323.4
CarLogo51/vans/236 0.058 301.3 371.0 385.1 445.4
CarLogo51/vans/328 0.083 47.0 103.8 85.2 136.0
CarLogo51/vans/328 0.056 128.2 1.0 303.9 42.9
CarLogo51/vans/39 0.256 48.5 28.7 132.6 94.2
CarLogo51/vans/51 0.279 239.0 21.4 649.8 185.1
CarLogo51/vans/51 0.156 36.3 219.7 619.8 421.8
CarLogo51/vans/79 0.091 49.6 188.0 240.0 351.5
CarLogo51/converse/tf_converse_106 0.051 322.6 256.8 520.0 355.0
CarLogo51/converse/tf_converse_108 0.135 281.4 90.4 458.7 183.6
CarLogo51/converse/tf_converse_110 0.127 112.3 238.5 245.6 320.4
CarLogo51/converse/tf_converse_125 0.072 296.2 24.3 343.5 76.5
CarLogo51/converse/tf_converse_14 0.123 280.5 180.0 381.3 253.5
CarLogo51/converse/tf_converse_141 0.050 54.6 84.0 273.5 286.0
CarLogo51/converse/tf_converse_16 0.087 845.7 737.2 932.2 814.2
CarLogo51/converse/tf_converse_16 0.054 802.9 714.3 996.8 858.3
CarLogo51/converse/tf_converse_188 0.080 104.2 339.6 335.8 445.0
CarLogo51/converse/tf_converse_214 0.362 177.8 65.3 362.6 160.7
CarLogo51/converse/tf_converse_24 0.144 317.9 271.5 369.8 317.5
CarLogo51/converse/tf_converse_26 0.105 490.6 336.2 597.9 413.3
CarLogo51/converse/tf_converse_27 0.059 1157.2 738.2 1237.1 779.1
CarLogo51/converse/tf_converse_31 0.083 288.7 359.5 373.3 435.9
CarLogo51/converse/tf_converse_6 0.068 189.2 175.1 531.6 371.5
CarLogo51/converse/tf_converse_96 0.160 577.0 820.2 1056.4 1241.6
CarLogo51/converse/tf_converse_96 0.064 70.7 314.8 621.6 837.6
CarLogo51/puma/106 0.065 329.4 181.0 446.3 290.7
CarLogo51/puma/12 0.055 477.6 1.0 577.2 76.9
CarLogo51/puma/198 0.090 25.2 321.5 184.7 459.8
CarLogo51/puma/279 0.143 232.4 911.6 481.1 1111.9
CarLogo51/puma/288 0.114 221.8 73.1 267.3 119.9
CarLogo51/puma/288 0.114 78.7 160.1 223.0 286.4
CarLogo51/puma/291 0.071 273.9 289.9 332.4 359.8
CarLogo51/puma/297 0.088 2.1 1.0 330.8 282.8
CarLogo51/puma/308 0.089 586.8 240.7 800.0 492.3
CarLogo51/puma/330 0.061 484.3 261.7 525.2 305.9
CarLogo51/puma/330 0.051 463.3 240.5 541.0 324.1
CarLogo51/puma/385 0.148 103.5 644.4 367.4 880.2
CarLogo51/puma/39 0.091 49.6 188.0 240.0 351.5
CarLogo51/puma/462 0.159 117.3 243.3 171.8 313.1
CarLogo51/nb/1 0.828 47.4 7.2 349.1 206.0
CarLogo51/nb/1 0.274 96.7 32.9 287.8 119.5
CarLogo51/nb/1 0.142 94.0 69.3 215.3 174.7
CarLogo51/nb/1 0.058 188.8 55.9 356.4 165.4
CarLogo51/nb/103 0.879 12.5 21.9 190.2 184.1
CarLogo51/nb/103 0.123 115.0 39.0 232.0 157.0
CarLogo51/nb/103 0.055 40.3 19.9 166.0 87.8
CarLogo51/nb/103 0.054 2.0 89.5 99.3 192.0
CarLogo51/nb/11 0.896 3.6 1.0 88.7 75.0
CarLogo51/nb/11 0.086 1.0 48.8 57.8 69.1
CarLogo51/nb/11 0.071 25.8 12.8 100.0 42.8
CarLogo51/nb/11 0.056 40.0 28.5 100.0 68.0
CarLogo51/nb/117 0.890 107.8 19.9 512.0 376.9
CarLogo51/nb/117 0.397 85.9 197.5 451.8 300.2
CarLogo51/nb/117 0.347 1.0 1.0 337.9 184.8
CarLogo51/nb/119 0.943 1.0 33.1 418.5 287.7
CarLogo51/nb/119 0.731 119.3 52.0 347.5 188.7
CarLogo51/nb/119 0.435 1.2 173.3 346.1 230.5
CarLogo51/nb/12 0.963 111.9 65.9 517.0 529.1
CarLogo51/nb/12 0.896 1.0 161.9 600.0 312.0
CarLogo51/nb/12 0.275 1.0 264.3 415.1 432.8
CarLogo51/nb/12 0.204 175.5 239.5 576.9 377.7
CarLogo51/nb/12 0.071 169.2 34.6 330.5 362.0
CarLogo51/nb/121 0.896 140.3 177.5 453.6 645.0
CarLogo51/nb/121 0.605 1.0 273.2 487.6 430.2
CarLogo51/nb/121 0.237 66.2 363.0 339.5 598.4
CarLogo51/nb/122 0.941 144.7 37.9 626.5 359.3
CarLogo51/nb/122 0.223 252.3 257.6 689.0 386.8
CarLogo51/nb/13 0.903 46.8 49.2 504.6 363.0
CarLogo51/nb/13 0.089 1.0 125.7 640.0 640.0
CarLogo51/nb/133 0.929 1.0 27.0 250.0 223.0
CarLogo51/nb/133 0.444 1.0 91.0 168.3 174.2
CarLogo51/nb/133 0.388 90.3 44.9 202.4 174.0
CarLogo51/nb/135 0.961 1.0 270.1 540.0 625.2
CarLogo51/nb/135 0.274 1.0 510.8 482.0 594.7
CarLogo51/nb/14 0.965 68.3 100.0 360.0 254.7
CarLogo51/nb/14 0.428 1.0 9.1 233.5 307.8
CarLogo51/nb/15 0.217 358.7 64.4 813.0 194.1
CarLogo51/nb/15 0.065 226.0 137.7 641.8 423.0
CarLogo51/nb/151 0.993 43.1 2.9 174.8 125.0
CarLogo51/nb/16 0.919 42.2 1.0 305.4 220.0
CarLogo51/nb/16 0.689 38.1 21.0 367.4 91.3
CarLogo51/nb/16 0.634 109.9 60.4 407.8 158.2
CarLogo51/nb/16 0.252 3.4 139.6 350.9 196.0
CarLogo51/nb/17 0.902 110.1 331.5 390.2 592.3
CarLogo51/nb/17 0.648 166.2 387.8 310.8 502.5
CarLogo51/nb/18 0.538 1.0 68.1 750.0 337.9
CarLogo51/nb/18 0.216 65.8 159.3 488.4 298.9
CarLogo51/nb/18 0.080 280.2 157.1 693.9 279.1
CarLogo51/nb/18 0.077 66.7 1.0 654.3 162.2
CarLogo51/nb/183 0.935 122.9 7.0 540.0 356.9
CarLogo51/nb/183 0.789 14.6 54.8 325.7 298.6
CarLogo51/nb/183 0.179 95.9 35.3 390.9 167.4
CarLogo51/nb/183 0.153 23.9 225.4 360.9 294.7
CarLogo51/nb/187 0.834 82.2 25.7 170.0 115.0
CarLogo51/nb/187 0.094 1.0 1.0 255.0 113.8
CarLogo51/nb/19 0.822 1.0 1.0 500.0 126.7
CarLogo51/nb/19 0.578 152.7 1.0 402.6 66.3
CarLogo51/nb/19 0.486 103.9 79.4 500.0 190.0
CarLogo51/nb/19 0.060 154.9 34.8 400.4 108.9
CarLogo51/nb/2 0.928 278.7 183.4 722.3 402.7
CarLogo51/nb/2 0.095 141.0 264.3 454.1 383.5
CarLogo51/nb/2 0.052 31.3 1.0 750.0 352.4
CarLogo51/nb/20 0.982 1.0 140.8 355.9 353.4
CarLogo51/nb/21 0.955 37.1 52.3 276.7 206.5
CarLogo51/nb/21 0.390 38.0 87.0 278.0 130.3
CarLogo51/nb/22 0.905 72.5 93.9 640.0 427.1
CarLogo51/nb/22 0.663 1.0 43.0 324.3 640.0
CarLogo51/nb/22 0.070 1.0 445.2 364.6 613.0
CarLogo51/nb/23 0.923 86.2 50.8 312.5 238.0
CarLogo51/nb/23 0.300 138.2 105.6 340.6 177.5
CarLogo51/nb/23 0.052 302.8 98.4 711.2 206.2
CarLogo51/nb/25 0.897 1.0 49.0 219.0 203.4
CarLogo51/nb/25 0.137 1.0 139.7 205.5 188.0
CarLogo51/nb/255 0.990 67.1 1.0 303.4 215.2
CarLogo51/nb/256 0.983 85.1 34.7 261.5 149.0
CarLogo51/nb/256 0.169 1.0 21.1 179.9 186.0
CarLogo51/nb/256 0.097 124.3 92.2 230.6 163.1
CarLogo51/nb/257 0.898 72.0 9.5 516.3 446.7
CarLogo51/nb/257 0.278 1.0 272.6 430.5 503.0
CarLogo51/nb/257 0.065 119.3 99.9 445.5 260.9
CarLogo51/nb/26 0.948 1.0 32.4 410.1 325.0
CarLogo51/nb/26 0.829 99.5 54.4 375.7 179.9
CarLogo51/nb/26 0.353 39.6 203.4 373.3 265.1
CarLogo51/nb/26 0.141 52.3 95.5 256.8 268.2
CarLogo51/nb/26 0.055 153.7 154.0 443.3 295.2
CarLogo51/nb/260 0.990 68.7 2.7 125.1 120.0
CarLogo51/nb/260 0.905 13.8 1.0 202.0 106.0
CarLogo51/nb/260 0.078 92.3 1.0 159.3 82.7
CarLogo51/nb/260 0.056 49.8 1.0 131.3 30.0
CarLogo51/nb/264 0.997 270.7 45.4 530.4 383.1
CarLogo51/nb/264 0.393 237.4 42.6 323.7 149.3
CarLogo51/nb/264 0.313 195.1 63.7 410.1 264.6
CarLogo51/nb/264 0.212 226.7 177.0 391.2 255.1
CarLogo51/nb/264 0.112 1.0 162.0 686.0 399.0
CarLogo51/nb/264 0.058 392.9 114.9 571.3 312.9
CarLogo51/nb/267 0.996 27.5 20.2 119.1 115.7
CarLogo51/nb/267 0.126 65.2 15.8 108.0 72.2
CarLogo51/nb/267 0.066 78.8 1.0 143.2 150.0
CarLogo51/nb/268 0.997 22.1 14.1 104.9 85.3
CarLogo51/nb/269 0.920 35.5 1.0 138.9 92.0
CarLogo51/nb/27 0.946 96.9 54.1 793.2 680.1
CarLogo51/nb/27 0.377 222.6 234.4 578.5 581.5
CarLogo51/nb/27 0.202 490.9 138.8 810.4 542.2
CarLogo51/nb/271 0.980 4.3 46.6 131.7 116.2
CarLogo51/nb/271 0.689 50.7 1.0 87.8 132.0
CarLogo51/nb/271 0.461 73.9 1.0 150.0 113.1
CarLogo51/nb/271 0.417 27.1 26.5 102.6 81.7
CarLogo51/nb/271 0.100 29.4 1.0 66.1 132.0
CarLogo51/nb/274 0.996 88.3 41.7 191.1 114.8
CarLogo51/nb/277 0.986 46.0 1.0 148.4 88.1
CarLogo51/nb/277 0.437 97.4 1.0 186.0 122.5
CarLogo51/nb/277 0.077 91.5 1.0 133.4 56.6
CarLogo51/nb/28 0.930 1.0 27.9 250.0 169.9
CarLogo51/nb/28 0.116 70.9 46.0 190.2 130.7
CarLogo51/nb/28 0.078 11.5 114.7 228.9 208.8
CarLogo51/nb/281 0.815 81.9 1.0 310.2 173.8
CarLogo51/nb/281 0.489 1.0 84.9 400.0 255.1
CarLogo51/nb/281 0.125 75.7 1.0 246.9 49.6
CarLogo51/nb/282 0.409 388.4 65.1 571.3 170.9
CarLogo51/nb/287 0.949 113.7 1.0 416.3 165.9
CarLogo51/nb/287 0.776 1.0 86.5 500.0 248.2
CarLogo51/nb/287 0.062 163.3 1.0 350.4 70.1
CarLogo51/nb/289 0.997 7.9 14.6 98.7 97.7
CarLogo51/nb/29 0.944 148.8 207.1 853.2 604.7
CarLogo51/nb/29 0.805 76.0 386.9 1024.0 821.3
CarLogo51/nb/29 0.182 524.3 32.1 861.2 1024.0
CarLogo51/nb/29 0.164 1.0 595.1 842.2 736.6
CarLogo51/nb/29 0.054 173.1 83.9 496.7 1024.0
CarLogo51/nb/292 0.998 4.5 35.6 193.2 181.0
CarLogo51/nb/292 0.094 1.0 1.0 82.2 146.1
CarLogo51/nb/3 0.830 1.0 76.0 472.3 286.4
CarLogo51/nb/3 0.617 60.5 1.0 512.0 168.3
CarLogo51/nb/3 0.121 11.8 170.3 275.0 272.7
CarLogo51/nb/3 0.065 200.1 159.6 490.6 263.7
CarLogo51/nb/305 0.887 192.8 1.0 751.7 253.3
CarLogo51/nb/305 0.712 1.0 104.4 891.0 412.0
CarLogo51/nb/32 0.949 118.7 35.5 377.4 273.7
CarLogo51/nb/32 0.414 59.3 160.1 321.9 243.9
CarLogo51/nb/32 0.084 1.0 1.0 292.0 186.6
CarLogo51/nb/322 0.131 251.4 109.3 760.5 236.6
CarLogo51/nb/322 0.072 245.1 146.3 448.9 234.0
CarLogo51/nb/325 0.944 86.0 106.1 500.0 292.6
CarLogo51/nb/325 0.723 1.0 1.0 406.7 459.8
CarLogo51/nb/344 0.944 86.0 106.1 500.0 292.6
CarLogo51/nb/344 0.723 1.0 1.0 406.7 459.8
CarLogo51/nb/370 0.852 31.9 1.0 178.8 190.0
CarLogo51/nb/370 0.165 1.0 76.9 132.4 148.8
CarLogo51/nb/380 0.846 1.0 3.9 280.0 150.5
CarLogo51/nb/380 0.188 27.5 58.6 136.6 143.7
CarLogo51/nb/380 0.141 70.0 16.7 210.8 80.6
CarLogo51/nb/389 0.811 1.0 12.7 134.2 101.5
CarLogo51/nb/389 0.111 35.8 1.0 171.0 57.2
CarLogo51/nb/389 0.058 64.5 48.0 149.6 97.6
CarLogo51/nb/398 0.924 1.0 1.0 832.2 317.0
CarLogo51/nb/398 0.693 354.2 1.0 660.7 256.4
CarLogo51/nb/398 0.306 233.1 149.1 663.4 317.0
CarLogo51/nb/408 0.907 1.0 54.9 239.0 281.9
CarLogo51/nb/408 0.667 36.3 184.6 284.0 268.5
CarLogo51/nb/408 0.468 66.6 101.3 284.0 201.0
CarLogo51/nb/417 0.616 23.6 1.0 600.0 246.3
CarLogo51/nb/417 0.116 1.0 148.9 558.3 312.0
CarLogo51/nb/45 0.914 1.0 51.4 249.0 200.0
CarLogo51/nb/45 0.456 47.9 91.1 249.0 141.1
CarLogo51/nb/46 0.956 1.0 61.2 358.0 262.6
CarLogo51/nb/46 0.476 1.0 168.5 285.6 217.8
CarLogo51/nb/46 0.469 65.0 37.9 295.4 157.6
CarLogo51/nb/46 0.068 191.3 1.0 317.4 239.6
CarLogo51/nb/47 0.820 8.2 50.2 317.0 265.7
CarLogo51/nb/47 0.247 89.4 76.7 227.5 203.6
CarLogo51/nb/476 0.925 1.0 49.3 229.0 201.0
CarLogo51/nb/476 0.357 35.4 11.9 136.7 158.3
CarLogo51/nb/48 0.905 1.0 1.0 250.0 240.2
CarLogo51/nb/48 0.347 1.0 31.8 121.8 162.0
CarLogo51/nb/495 0.929 1.0 27.0 250.0 223.0
CarLogo51/nb/495 0.444 1.0 91.0 168.3 174.2
CarLogo51/nb/495 0.388 90.3 44.9 202.4 174.0
CarLogo51/nb/5 0.822 59.0 1.0 360.9 151.0
CarLogo51/nb/5 0.140 72.9 81.8 465.0 220.0
CarLogo51/nb/50 0.895 1.0 58.3 234.0 124.0
CarLogo51/nb/50 0.692 1.0 1.0 234.0 86.4
CarLogo51/nb/500 0.941 10.4 54.4 369.7 336.9
CarLogo51/nb/500 0.218 126.7 1.0 251.9 302.7
CarLogo51/nb/500 0.085 141.7 137.7 366.1 252.6
CarLogo51/nb/501 0.951 622.8 143.0 734.4 259.4
CarLogo51/nb/501 0.540 43.9 24.1 154.7 122.1
CarLogo51/nb/501 0.167 1.0 1.0 219.5 67.4
CarLogo51/nb/501 0.156 541.9 168.1 625.3 254.3
CarLogo51/nb/501 0.059 460.2 132.5 781.4 295.9
CarLogo51/nb/502 0.989 290.4 165.0 389.7 248.9
CarLogo51/nb/502 0.585 201.4 162.6 289.6 225.9
CarLogo51/nb/502 0.381 178.8 164.2 471.1 279.5
CarLogo51/nb/502 0.115 274.9 195.6 410.9 316.4
CarLogo51/nb/503 0.998 383.1 271.1 625.0 464.4
CarLogo51/nb/503 0.139 475.0 322.3 562.5 450.1
CarLogo51/nb/503 0.066 474.2 408.6 561.9 479.6
CarLogo51/nb/504 0.957 355.1 227.0 461.7 317.3
CarLogo51/nb/505 0.997 479.7 255.4 664.6 396.1
CarLogo51/nb/505 0.499 518.9 297.1 610.7 379.8
CarLogo51/nb/505 0.452 471.3 280.0 551.2 365.7
CarLogo51/nb/505 0.073 492.7 230.0 584.1 299.1
CarLogo51/nb/506 0.918 610.8 219.5 773.8 334.4
CarLogo51/nb/506 0.505 678.2 243.0 746.6 295.6
CarLogo51/nb/506 0.114 571.6 264.5 630.7 307.9
CarLogo51/nb/506 0.072 229.7 121.6 311.2 201.0
CarLogo51/nb/506 0.068 653.8 66.9 764.3 139.2
CarLogo51/nb/507 0.997 330.0 164.3 446.4 314.0
CarLogo51/nb/507 0.094 348.5 209.6 416.9 279.1
CarLogo51/nb/508 0.997 443.0 143.1 544.3 224.0
CarLogo51/nb/508 0.997 80.5 163.1 193.0 232.3
CarLogo51/nb/508 0.997 292.4 273.8 405.4 375.1
CarLogo51/nb/508 0.222 1.0 140.1 281.4 237.5
CarLogo51/nb/508 0.148 438.4 174.5 629.8 249.7
CarLogo51/nb/508 0.130 272.8 146.6 440.4 420.0
CarLogo51/nb/508 0.093 14.9 148.8 71.7 197.6
CarLogo51/nb/509 0.989 559.1 242.7 699.8 371.4
CarLogo51/nb/509 0.297 401.4 202.3 767.7 362.2
CarLogo51/nb/51 0.661 31.5 53.2 300.0 167.0
CarLogo51/nb/51 0.266 1.0 1.0 267.1 70.7
CarLogo51/nb/510 0.999 174.4 176.4 329.6 265.7
CarLogo51/nb/510 0.178 222.3 213.8 309.9 294.6
CarLogo51/nb/510 0.136 205.6 200.8 265.4 257.5
CarLogo51/nb/511 0.977 340.8 594.9 564.2 765.6
CarLogo51/nb/511 0.404 443.9 640.2 648.5 792.4
CarLogo51/nb/511 0.294 207.1 544.8 719.8 804.6
CarLogo51/nb/511 0.106 513.3 363.9 722.5 567.0
CarLogo51/nb/511 0.083 347.9 565.3 473.6 692.0
CarLogo51/nb/511 0.050 648.9 427.8 741.5 512.7
CarLogo51/nb/512 0.996 222.1 138.8 350.6 214.8
CarLogo51/nb/512 0.112 236.2 51.1 338.2 309.6
CarLogo51/nb/513 0.986 209.1 298.4 324.3 402.2
CarLogo51/nb/513 0.366 338.4 112.6 524.0 208.6
CarLogo51/nb/514 0.995 241.6 221.3 335.2 301.4
CarLogo51/nb/514 0.533 228.8 185.1 375.8 358.0
CarLogo51/nb/516 0.994 206.8 200.2 321.2 293.5
CarLogo51/nb/516 0.674 317.2 132.3 419.2 210.3
CarLogo51/nb/516 0.197 65.6 190.7 372.1 326.0
CarLogo51/nb/518 0.945 267.0 192.9 354.7 272.2
CarLogo51/nb/518 0.198 313.8 206.1 364.9 257.7
CarLogo51/nb/519 0.979 1868.4 475.6 2616.9 852.7
CarLogo51/nb/519 0.255 2005.0 24.5 2740.6 1082.8
CarLogo51/nb/520 0.960 428.8 179.5 525.6 262.9
CarLogo51/nb/521 0.999 395.4 215.4 701.9 437.6
CarLogo51/nb/522 0.935 483.2 204.8 591.4 283.7
CarLogo51/nb/522 0.352 11.3 24.7 143.2 111.0
CarLogo51/nb/522 0.085 451.5 143.9 658.0 310.0
CarLogo51/nb/522 0.082 532.5 221.5 644.1 291.3
CarLogo51/nb/523 0.993 567.3 329.8 752.1 494.3
CarLogo51/nb/523 0.589 400.5 300.1 828.0 540.3
CarLogo51/nb/523 0.082 434.4 338.4 546.3 401.3
CarLogo51/nb/524 0.988 616.2 463.6 845.8 680.2
CarLogo51/nb/525 0.972 303.0 306.1 435.8 453.4
CarLogo51/nb/525 0.923 575.6 213.3 692.6 318.3
CarLogo51/nb/525 0.425 533.9 252.2 761.2 377.4
CarLogo51/nb/525 0.303 677.0 313.2 741.2 394.3
CarLogo51/nb/525 0.235 230.3 319.1 375.0 431.8
CarLogo51/nb/526 0.991 384.5 173.1 512.0 288.7
CarLogo51/nb/526 0.099 256.7 160.9 637.8 305.6
CarLogo51/nb/527 0.281 182.6 367.5 350.0 458.3
CarLogo51/nb/528 0.987 696.7 451.6 914.4 672.4
CarLogo51/nb/528 0.267 590.4 436.4 770.1 605.6
CarLogo51/nb/528 0.217 676.2 492.2 835.4 598.2
CarLogo51/nb/528 0.065 779.5 525.3 909.4 634.6
CarLogo51/nb/529 0.960 267.1 171.0 328.3 250.2
CarLogo51/nb/529 0.078 203.9 203.7 268.6 245.6
CarLogo51/nb/53 0.809 130.3 1.0 1024.0 448.0
CarLogo51/nb/53 0.155 434.9 1.0 741.1 384.4
CarLogo51/nb/53 0.142 126.8 292.5 1024.0 602.0
CarLogo51/nb/530 0.995 218.5 369.6 606.3 696.0
CarLogo51/nb/530 0.967 752.2 268.5 973.0 462.1
CarLogo51/nb/530 0.312 362.1 496.3 644.2 636.6
CarLogo51/nb/530 0.104 249.3 461.2 440.3 626.4
CarLogo51/nb/530 0.078 568.6 237.9 1047.4 561.9
CarLogo51/nb/531 0.745 71.5 137.1 197.9 257.8
CarLogo51/nb/531 0.206 123.7 59.7 190.9 111.6
CarLogo51/nb/532 0.989 130.6 226.8 237.7 298.1
CarLogo51/nb/532 0.056 44.3 213.3 285.5 335.6
CarLogo51/nb/534 0.990 241.7 193.1 381.1 308.0
CarLogo51/nb/537 0.998 204.4 167.0 321.4 257.5
CarLogo51/nb/537 0.161 172.5 212.9 210.6 242.5
CarLogo51/nb/537 0.143 236.5 212.7 289.7 268.5
CarLogo51/nb/537 0.075 272.2 179.6 320.1 229.8
CarLogo51/nb/537 0.065 262.8 202.7 309.5 249.9
CarLogo51/nb/537 0.063 173.5 199.3 206.8 225.0
CarLogo51/nb/537 0.057 181.4 176.4 375.6 341.0
CarLogo51/nb/539 0.975 393.9 515.4 645.1 672.3
CarLogo51/nb/539 0.463 311.7 424.5 566.6 637.8
CarLogo51/nb/539 0.422 452.3 532.8 548.9 645.4
CarLogo51/nb/539 0.358 1.0 1.0 304.8 268.3
CarLogo51/nb/539 0.072 351.5 445.1 800.0 800.0
CarLogo51/nb/539 0.061 513.8 489.6 614.5 611.7
CarLogo51/nb/540 0.996 95.6 335.0 464.0 616.3
CarLogo51/nb/540 0.199 1.0 110.4 384.7 853.0
CarLogo51/nb/540 0.141 319.4 375.4 437.4 506.3
CarLogo51/nb/541 0.998 240.4 316.1 642.3 652.6
CarLogo51/nb/541 0.996 724.7 182.8 1014.9 410.6
CarLogo51/nb/541 0.612 671.4 149.7 896.4 636.4
CarLogo51/nb/541 0.438 774.9 288.9 949.2 477.4
CarLogo51/nb/541 0.083 262.3 472.3 395.0 583.6
CarLogo51/nb/542 0.794 204.3 96.8 287.3 176.8
CarLogo51/nb/542 0.598 392.5 109.1 523.4 191.9
CarLogo51/nb/542 0.465 233.1 114.7 277.9 154.7
CarLogo51/nb/542 0.179 447.5 114.5 493.6 168.9
CarLogo51/nb/542 0.054 195.4 123.3 248.8 169.0
CarLogo51/nb/545 0.997 29.1 130.5 220.0 282.2
CarLogo51/nb/545 0.144 1.0 85.2 398.0 333.9
CarLogo51/nb/546 0.997 198.8 613.6 434.7 821.3
CarLogo51/nb/546 0.056 271.7 661.7 361.7 763.4
CarLogo51/nb/548 0.969 858.3 440.7 1140.5 617.3
CarLogo51/nb/548 0.519 889.9 414.1 1052.0 533.5
CarLogo51/nb/548 0.103 775.6 401.1 895.8 529.0
CarLogo51/nb/549 0.992 162.5 471.2 367.5 695.1
CarLogo51/nb/549 0.924 440.8 492.1 665.0 696.1
CarLogo51/nb/549 0.237 1.0 430.4 556.5 718.1
CarLogo51/nb/549 0.054 163.8 612.2 336.8 790.3
CarLogo51/nb/55 0.939 1.0 48.1 270.2 303.4
CarLogo51/nb/55 0.563 37.3 89.7 319.3 152.1
CarLogo51/nb/55 0.211 71.3 1.0 198.6 221.2
CarLogo51/nb/55 0.153 1.0 149.6 215.3 243.5
CarLogo51/nb/551 0.997 442.3 379.9 666.6 564.2
CarLogo51/nb/552 0.989 302.7 345.5 470.9 499.5
CarLogo51/nb/552 0.939 1.0 1.0 253.1 143.0
CarLogo51/nb/552 0.257 143.2 306.2 595.4 541.6
CarLogo51/nb/552 0.085 67.9 1.0 165.8 67.1
CarLogo51/nb/552 0.060 563.7 344.4 654.3 465.3
CarLogo51/nb/553 0.961 267.1 134.5 425.9 290.7
CarLogo51/nb/553 0.697 319.4 162.7 380.6 265.2
CarLogo51/nb/553 0.295 359.9 156.2 413.0 235.7
CarLogo51/nb/553 0.264 223.3 188.1 370.0 267.6
CarLogo51/nb/554 0.973 197.3 213.6 321.4 291.6
CarLogo51/nb/554 0.056 344.2 244.4 391.3 280.1
CarLogo51/nb/556 0.987 427.9 342.6 689.4 590.7
CarLogo51/nb/557 0.997 210.9 620.5 375.3 798.6
CarLogo51/nb/557 0.362 160.2 648.6 299.8 756.2
CarLogo51/nb/557 0.179 60.8 594.6 481.3 852.2
CarLogo51/nb/557 0.139 292.1 560.0 366.2 633.9
CarLogo51/nb/557 0.109 168.6 754.6 238.2 817.1
CarLogo51/nb/559 0.990 331.5 199.3 455.9 290.5
CarLogo51/nb/559 0.977 212.3 292.9 307.6 389.7
CarLogo51/nb/559 0.152 166.3 288.2 360.7 476.9
CarLogo51/nb/560 0.979 137.5 143.4 242.1 255.1
CarLogo51/nb/560 0.438 88.6 95.9 308.7 233.9
CarLogo51/nb/561 0.998 184.8 107.6 348.1 269.8
CarLogo51/nb/561 0.258 208.0 204.7 255.7 252.7
CarLogo51/nb/561 0.094 232.4 184.9 319.0 265.6
CarLogo51/nb/561 0.077 132.6 90.7 500.0 333.9
CarLogo51/nb/562 0.999 810.8 263.8 1007.5 447.9
CarLogo51/nb/562 0.996 274.6 383.5 614.4 562.7
CarLogo51/nb/562 0.119 214.6 347.8 512.6 475.4
CarLogo51/nb/562 0.100 173.2 414.9 241.3 480.8
CarLogo51/nb/562 0.054 625.0 172.5 1126.8 480.5
CarLogo51/nb/563 0.986 274.5 161.1 406.2 273.9
CarLogo51/nb/563 0.804 182.0 172.8 265.3 241.5
CarLogo51/nb/563 0.148 149.5 191.1 443.7 304.1
CarLogo51/nb/564 0.983 492.3 413.7 809.5 625.3
CarLogo51/nb/564 0.212 387.7 488.6 720.0 694.7
CarLogo51/nb/564 0.086 516.4 481.8 654.6 624.8
CarLogo51/nb/565 0.972 614.4 399.0 896.1 554.6
CarLogo51/nb/565 0.242 434.4 485.5 599.5 575.1
CarLogo51/nb/565 0.139 727.7 386.9 834.4 485.9
CarLogo51/nb/567 0.997 213.4 643.5 402.4 805.7
CarLogo51/nb/567 0.245 38.6 623.7 501.5 872.2
CarLogo51/nb/567 0.082 187.1 682.6 253.9 715.3
CarLogo51/nb/568 0.999 349.4 339.8 617.3 631.0
CarLogo51/nb/568 0.993 787.4 272.0 993.8 460.0
CarLogo51/nb/568 0.215 863.8 245.4 990.3 359.4
CarLogo51/nb/568 0.078 677.0 199.8 1145.5 491.5
CarLogo51/nb/568 0.062 307.2 301.2 413.1 350.8
CarLogo51/nb/569 0.989 418.4 671.4 692.3 899.5
CarLogo51/nb/569 0.273 499.8 641.0 647.9 805.5
CarLogo51/nb/569 0.092 496.7 759.6 621.4 893.9
CarLogo51/nb/569 0.059 264.7 531.5 869.6 899.2
CarLogo51/nb/57 0.800 1.0 40.5 438.0 371.5
CarLogo51/nb/57 0.408 60.1 119.9 353.3 263.1
CarLogo51/nb/57 0.128 1.0 227.3 292.6 350.2
CarLogo51/nb/57 0.124 130.8 60.3 266.5 379.8
CarLogo51/nb/570 0.995 340.4 341.0 515.0 509.2
CarLogo51/nb/570 0.930 1.0 15.6 233.8 123.3
CarLogo51/nb/570 0.335 33.0 57.1 167.0 183.3
CarLogo51/nb/570 0.057 34.0 1.0 259.4 308.5
CarLogo51/nb/571 0.945 236.8 680.6 396.2 833.7
CarLogo51/nb/571 0.065 268.2 677.5 355.6 759.9
CarLogo51/nb/572 0.993 488.3 745.3 860.5 1032.7
CarLogo51/nb/572 0.794 445.8 803.9 696.5 946.2
CarLogo51/nb/572 0.053 225.2 638.8 1016.4 1200.0
CarLogo51/nb/573 0.991 322.5 295.0 505.8 444.2
CarLogo51/nb/573 0.140 295.2 319.2 397.9 421.9
CarLogo51/nb/574 0.998 198.8 112.3 316.1 247.6
CarLogo51/nb/575 0.981 279.5 455.4 551.7 769.1
CarLogo51/nb/575 0.792 684.6 762.7 1181.5 1200.0
CarLogo51/nb/575 0.456 290.9 503.1 441.1 665.6
CarLogo51/nb/575 0.189 1.0 667.6 235.6 1145.4
CarLogo51/nb/575 0.119 1.0 459.9 761.6 866.5
CarLogo51/nb/575 0.060 830.5 1044.0 1200.0 1200.0
CarLogo51/nb/575 0.050 1.0 738.1 557.4 968.2
CarLogo51/nb/576 0.985 234.1 237.0 376.0 363.8
CarLogo51/nb/576 0.972 542.7 249.1 688.6 364.5
CarLogo51/nb/576 0.093 467.6 233.4 792.9 412.4
CarLogo51/nb/576 0.052 155.8 284.2 338.3 397.9
CarLogo51/nb/577 0.992 311.8 275.6 649.8 427.2
CarLogo51/nb/577 0.598 618.4 469.7 799.2 637.2
CarLogo51/nb/577 0.159 204.1 363.4 635.5 515.5
CarLogo51/nb/578 0.991 524.9 209.7 667.8 355.4
CarLogo51/nb/578 0.543 395.8 182.6 754.4 394.2
CarLogo51/nb/578 0.174 269.8 339.4 352.0 413.0
CarLogo51/nb/579 0.967 136.3 148.2 209.0 229.0
CarLogo51/nb/579 0.947 400.3 141.9 506.7 225.3
CarLogo51/nb/579 0.938 133.9 450.0 204.1 521.7
CarLogo51/nb/579 0.916 417.5 442.6 503.7 518.9
CarLogo51/nb/579 0.596 394.9 465.8 458.4 530.7
CarLogo51/nb/579 0.251 445.5 488.8 492.7 530.1
CarLogo51/nb/579 0.207 113.2 439.8 171.7 491.1
CarLogo51/nb/579 0.176 392.2 157.0 448.3 209.7
CarLogo51/nb/579 0.126 81.0 439.2 284.0 533.5
CarLogo51/nb/579 0.083 410.6 429.3 461.1 481.7
CarLogo51/nb/579 0.060 93.2 135.9 173.1 197.0
CarLogo51/nb/581 0.965 198.4 327.0 375.4 457.4
CarLogo51/nb/581 0.204 221.9 386.1 337.9 525.1
CarLogo51/nb/581 0.103 141.2 386.6 212.2 450.1
CarLogo51/nb/581 0.088 107.7 278.3 428.3 554.0
CarLogo51/nb/582 0.994 253.0 651.1 516.5 896.2
CarLogo51/nb/582 0.538 823.7 581.5 1047.8 738.8
CarLogo51/nb/583 0.992 101.5 122.2 196.5 214.5
CarLogo51/nb/583 0.965 262.8 112.3 317.5 177.1
CarLogo51/nb/583 0.216 64.0 81.8 165.3 270.0
CarLogo51/nb/583 0.127 223.2 71.9 351.4 195.7
CarLogo51/nb/583 0.103 121.5 107.7 170.6 169.6
CarLogo51/nb/583 0.057 91.3 115.5 376.5 219.8
CarLogo51/nb/583 0.054 154.5 75.0 214.4 118.3
CarLogo51/nb/584 0.962 384.2 178.0 476.7 268.6
CarLogo51/nb/584 0.510 204.2 266.6 285.9 325.9
CarLogo51/nb/584 0.278 369.5 118.5 490.0 371.7
CarLogo51/nb/584 0.095 210.5 298.9 271.1 358.0
CarLogo51/nb/584 0.066 187.0 247.5 289.2 411.6
CarLogo51/nb/585 0.996 293.4 357.4 518.1 540.7
CarLogo51/nb/585 0.930 1.0 15.6 233.8 123.3
CarLogo51/nb/585 0.335 33.0 57.1 167.0 183.3
CarLogo51/nb/585 0.147 387.1 399.8 517.7 489.1
CarLogo51/nb/585 0.109 361.3 442.4 463.2 538.2
CarLogo51/nb/585 0.056 34.0 1.0 259.4 308.5
CarLogo51/nb/586 0.980 223.8 471.2 540.1 681.2
CarLogo51/nb/586 0.977 841.9 370.9 1096.7 533.8
CarLogo51/nb/586 0.067 388.1 540.3 519.4 724.6
CarLogo51/nb/588 0.985 589.4 458.3 819.9 675.8
CarLogo51/nb/588 0.309 433.9 470.4 983.7 764.0
CarLogo51/nb/589 0.985 294.0 298.8 510.2 486.4
CarLogo51/nb/589 0.344 412.9 339.9 521.4 450.6
CarLogo51/nb/589 0.280 342.1 388.1 459.8 497.0
CarLogo51/nb/59 0.939 254.2 186.5 765.9 666.3
CarLogo51/nb/59 0.767 1.0 45.5 1122.0 801.7
CarLogo51/nb/590 0.997 1042.7 574.4 1473.4 957.1
CarLogo51/nb/590 0.699 525.6 669.0 1718.5 999.1
CarLogo51/nb/591 0.942 652.3 458.3 875.4 722.4
CarLogo51/nb/591 0.322 585.8 469.6 763.5 606.1
CarLogo51/nb/591 0.191 500.2 391.9 966.3 815.5
CarLogo51/nb/591 0.073 782.5 460.8 885.6 547.6
CarLogo51/nb/591 0.051 764.7 473.1 943.1 660.7
CarLogo51/nb/592 0.991 74.6 219.4 172.1 305.1
CarLogo51/nb/592 0.378 5.1 201.3 250.2 323.1
CarLogo51/nb/593 0.996 210.4 280.6 338.3 353.8
CarLogo51/nb/593 0.904 225.7 209.9 369.5 400.0
CarLogo51/nb/593 0.112 291.4 290.0 370.5 353.2
CarLogo51/nb/593 0.057 242.3 300.3 295.0 366.1
CarLogo51/nb/594 0.995 241.4 313.7 378.9 440.6
CarLogo51/nb/594 0.092 197.9 352.0 314.9 431.2
CarLogo51/nb/594 0.074 216.2 298.2 482.3 520.5
CarLogo51/nb/595 0.998 162.2 385.5 557.1 714.8
CarLogo51/nb/595 0.996 803.6 226.8 1100.1 468.7
CarLogo51/nb/595 0.336 334.4 448.4 604.9 630.3
CarLogo51/nb/595 0.090 48.0 262.9 765.3 592.1
CarLogo51/nb/596 0.995 202.8 624.9 397.1 806.1
CarLogo51/nb/596 0.179 11.7 610.9 515.1 854.8
CarLogo51/nb/596 0.057 239.0 494.7 442.0 977.3
CarLogo51/nb/597 0.999 821.0 209.3 1023.9 412.9
CarLogo51/nb/597 0.999 261.5 405.2 595.9 664.7
CarLogo51/nb/597 0.226 723.6 317.1 1118.3 509.1
CarLogo51/nb/597 0.182 199.7 378.8 450.7 884.3
CarLogo51/nb/598 0.972 321.2 344.7 460.6 449.5
CarLogo51/nb/598 0.889 134.6 417.6 276.4 522.7
CarLogo51/nb/598 0.758 343.7 397.3 464.3 515.3
CarLogo51/nb/598 0.734 128.5 389.0 243.6 461.7
CarLogo51/nb/598 0.079 274.4 289.9 463.7 622.7
CarLogo51/nb/599 0.995 1.0 345.2 390.8 711.1
CarLogo51/nb/599 0.643 111.3 317.4 326.2 508.4
CarLogo51/nb/599 0.512 71.5 460.5 274.9 669.4
CarLogo51/nb/6 0.949 113.7 1.0 416.3 165.9
CarLogo51/nb/6 0.776 1.0 86.5 500.0 248.2
CarLogo51/nb/6 0.062 163.3 1.0 350.4 70.1
CarLogo51/nb/600 0.995 292.2 379.1 476.3 539.1
CarLogo51/nb/601 0.993 287.2 173.3 433.1 264.7
CarLogo51/nb/601 0.750 330.5 141.4 412.3 230.7
CarLogo51/nb/601 0.187 304.6 180.8 345.1 233.1
CarLogo51/nb/601 0.060 283.6 96.6 326.7 170.7
CarLogo51/nb/602 0.992 385.1 504.5 588.6 657.0
CarLogo51/nb/602 0.802 1.0 60.6 952.1 582.5
CarLogo51/nb/602 0.195 1.0 264.6 557.6 473.1
CarLogo51/nb/602 0.113 451.2 436.2 624.6 786.1
CarLogo51/nb/602 0.088 421.4 580.8 550.8 694.2
CarLogo51/nb/603 0.959 350.8 422.7 518.9 574.7
CarLogo51/nb/603 0.456 438.0 416.7 555.2 481.9
CarLogo51/nb/603 0.235 481.5 388.0 561.3 447.7
CarLogo51/nb/603 0.072 286.0 301.5 609.4 609.9
CarLogo51/nb/603 0.053 512.4 375.4 612.5 463.9
CarLogo51/nb/604 0.963 218.5 349.9 448.8 504.6
CarLogo51/nb/604 0.429 255.3 334.7 386.2 419.6
CarLogo51/nb/605 0.994 525.6 1005.1 742.3 1242.7
CarLogo51/nb/605 0.986 389.7 243.8 620.9 452.8
CarLogo51/nb/605 0.213 469.2 343.8 613.5 489.7
CarLogo51/nb/605 0.180 254.5 915.9 854.2 1275.0
CarLogo51/nb/605 0.053 549.5 309.7 688.8 412.6
CarLogo51/nb/607 0.940 199.7 454.4 338.9 569.4
CarLogo51/nb/607 0.052 119.4 492.9 414.9 628.1
CarLogo51/nb/608 0.999 401.7 163.7 532.9 278.0
CarLogo51/nb/608 0.217 269.1 134.9 636.9 258.6
CarLogo51/nb/608 0.072 542.6 196.8 654.1 280.1
CarLogo51/nb/610 0.964 163.1 187.8 281.4 260.4
CarLogo51/nb/610 0.947 1.0 15.0 120.5 90.3
CarLogo51/nb/610 0.100 288.4 197.9 359.9 246.4
CarLogo51/nb/611 0.971 252.0 179.3 332.7 235.6
CarLogo51/nb/611 0.968 176.2 32.9 259.5 101.1
CarLogo51/nb/611 0.656 326.9 114.0 392.3 185.2
CarLogo51/nb/611 0.058 277.5 93.4 408.5 217.6
CarLogo51/nb/612 0.995 402.1 594.9 679.6 840.8
CarLogo51/nb/613 0.948 365.2 209.5 434.1 282.8
CarLogo51/nb/613 0.609 523.7 229.5 576.9 272.5
CarLogo51/nb/613 0.399 70.5 230.5 121.5 278.4
CarLogo51/nb/613 0.118 477.2 210.5 574.6 292.1
CarLogo51/nb/613 0.056 52.4 201.4 153.6 263.3
CarLogo51/nb/614 0.996 217.9 370.2 521.9 619.0
CarLogo51/nb/614 0.815 757.5 315.2 1021.0 497.1
CarLogo51/nb/614 0.356 407.0 373.8 609.0 569.8
CarLogo51/nb/614 0.173 169.2 240.5 563.8 900.0
CarLogo51/nb/614 0.084 876.3 275.5 1137.1 583.3
CarLogo51/nb/617 0.998 256.3 481.7 602.7 687.4
CarLogo51/nb/617 0.977 790.6 329.8 1015.8 499.1
CarLogo51/nb/617 0.392 35.2 437.2 744.0 778.2
CarLogo51/nb/617 0.170 297.8 498.8 416.8 642.9
CarLogo51/nb/617 0.084 655.2 390.2 952.6 541.1
CarLogo51/nb/618 0.993 530.9 499.2 816.7 672.0
CarLogo51/nb/618 0.120 439.9 401.6 956.0 723.5
CarLogo51/nb/620 0.461 266.5 390.5 360.4 500.4
CarLogo51/nb/621 0.992 227.0 376.4 597.8 670.7
CarLogo51/nb/621 0.977 856.6 245.4 1056.2 432.1
CarLogo51/nb/621 0.183 876.5 125.3 987.2 225.2
CarLogo51/nb/621 0.137 893.7 341.2 1017.8 477.7
CarLogo51/nb/621 0.109 780.0 115.0 1043.9 588.6
CarLogo51/nb/621 0.054 343.2 250.1 690.9 559.0
CarLogo51/nb/622 0.994 390.1 853.4 722.4 1105.4
CarLogo51/nb/622 0.283 493.6 804.9 671.5 998.4
CarLogo51/nb/622 0.104 445.4 870.7 571.4 1035.2
CarLogo51/nb/623 0.088 385.1 631.2 503.8 746.6
CarLogo51/nb/624 0.987 270.5 270.9 490.3 451.8
CarLogo51/nb/624 0.180 346.3 291.7 446.3 398.3
CarLogo51/nb/624 0.082 371.1 341.8 551.8 502.4
CarLogo51/nb/624 0.064 329.2 358.7 457.1 474.5
CarLogo51/nb/624 0.052 244.1 190.1 561.1 621.3
CarLogo51/nb/67 0.840 1.0 62.4 424.9 314.1
CarLogo51/nb/67 0.494 1.0 1.0 439.2 136.8
CarLogo51/nb/67 0.385 1.0 184.9 314.4 266.5
CarLogo51/nb/68 0.715 37.3 1.0 97.2 91.9
CarLogo51/nb/68 0.065 58.0 26.5 125.0 75.3
CarLogo51/nb/68 0.050 1.0 18.7 71.8 101.0
CarLogo51/nb/7 0.864 97.4 1.0 685.1 510.0
CarLogo51/nb/7 0.613 395.5 109.9 929.9 525.7
CarLogo51/nb/70 0.784 156.5 10.9 545.9 648.0
CarLogo51/nb/70 0.269 366.9 1.0 753.2 630.5
CarLogo51/nb/70 0.238 1.0 349.5 765.4 692.8
CarLogo51/nb/72 0.851 52.9 45.7 339.0 134.0
CarLogo51/nb/72 0.279 1.0 1.0 271.8 77.6
CarLogo51/nb/72 0.053 159.1 84.6 300.3 130.6
CarLogo51/nb/78 0.187 9.6 1.0 227.0 155.3
CarLogo51/nb/78 0.107 62.9 19.7 159.7 106.0
CarLogo51/nb/78 0.052 48.1 60.3 132.9 137.8
CarLogo51/nb/8 0.927 1.0 153.9 621.8 738.3
CarLogo51/nb/8 0.694 231.9 1.0 826.0 566.9
CarLogo51/nb/8 0.677 1.0 365.6 826.0 554.7
CarLogo51/nb/8 0.545 1.0 220.7 826.0 380.8
CarLogo51/nb/8 0.065 5.0 472.8 760.3 643.8
CarLogo51/nb/80 0.668 38.7 37.9 244.0 149.2
CarLogo51/nb/80 0.537 1.0 1.0 244.0 76.3
CarLogo51/nb/80 0.211 1.0 80.1 208.3 120.0
CarLogo51/nb/81 0.440 1.0 1.0 194.4 114.5
CarLogo51/nb/81 0.191 72.1 9.0 230.1 67.0
CarLogo51/nb/82 0.594 1.0 88.9 392.1 300.0
CarLogo51/nb/82 0.582 1.0 1.0 480.0 179.0
CarLogo51/nb/82 0.101 97.2 192.8 467.2 279.3
CarLogo51/nb/84 0.412 343.5 290.6 601.0 415.5
CarLogo51/nb/84 0.387 17.7 5.2 389.9 239.4
CarLogo51/nb/84 0.157 374.1 159.1 535.9 587.5
CarLogo51/nb/84 0.135 95.9 1.0 504.4 561.3
CarLogo51/nb/84 0.081 218.3 317.1 619.0 524.8
CarLogo51/nb/85 0.783 28.5 19.4 300.0 260.1
CarLogo51/nb/85 0.122 73.9 54.3 211.2 188.7
CarLogo51/nb/85 0.062 1.0 143.9 228.5 223.0
CarLogo51/nb/86 0.767 1.0 1.0 180.0 180.0
CarLogo51/nb/86 0.299 6.5 9.7 76.3 140.0
CarLogo51/nb/86 0.054 36.5 35.7 139.2 110.7
CarLogo51/nb/9 0.891 1.0 46.0 294.9 288.7
CarLogo51/nb/9 0.637 1.0 71.2 273.0 133.5
CarLogo51/nb/9 0.380 73.4 82.1 219.5 214.3
CarLogo51/nb/9 0.218 15.7 159.8 289.4 236.8
CarLogo51/nb/91 0.708 54.4 50.5 352.1 285.5
CarLogo51/nb/91 0.530 1.0 231.8 384.0 337.0
CarLogo51/nb/91 0.051 229.1 99.4 384.0 337.0
CarLogo51/nb/99 0.736 1.0 68.9 437.3 317.0
CarLogo51/nb/99 0.604 1.0 1.0 492.0 147.4
CarLogo51/nb/99 0.190 1.0 188.9 300.5 285.6
CarLogo51/anta/103 0.443 78.7 78.5 152.6 129.5
CarLogo51/anta/105 0.473 1.0 186.7 391.2 272.0
CarLogo51/anta/105 0.167 172.9 170.2 272.1 272.0
CarLogo51/anta/105 0.072 116.2 46.0 395.0 158.7
CarLogo51/anta/112 0.060 566.0 206.6 701.4 328.0
CarLogo51/anta/113 0.052 813.3 157.5 971.3 333.9
CarLogo51/anta/156 0.068 225.4 180.7 272.5 210.2
CarLogo51/anta/161 0.062 290.7 73.4 401.7 306.0
CarLogo51/anta/175 0.074 157.9 600.2 458.1 747.9
CarLogo51/anta/204 0.386 483.6 202.2 584.9 299.7
CarLogo51/anta/206 0.054 222.4 148.8 392.7 258.6
CarLogo51/anta/21 0.121 207.3 209.7 242.2 251.0
CarLogo51/anta/21 0.056 221.0 222.6 266.8 266.8
CarLogo51/anta/236 0.105 204.6 97.1 367.2 226.0
CarLogo51/anta/253 0.078 667.4 530.0 758.6 625.0
CarLogo51/anta/263 0.069 212.2 133.5 268.9 184.4
CarLogo51/anta/272 0.072 603.4 465.2 743.7 603.0
CarLogo51/anta/305 0.128 280.5 205.9 358.7 281.9
CarLogo51/anta/317 0.112 252.2 183.7 380.4 246.7
CarLogo51/anta/328 0.194 290.6 286.5 470.6 385.8
CarLogo51/anta/346 0.313 275.0 407.8 357.5 479.7
CarLogo51/anta/346 0.130 312.3 403.9 376.7 451.6
CarLogo51/anta/346 0.084 351.9 373.0 411.4 454.5
CarLogo51/lining/122 0.056 608.3 190.0 906.7 342.7
CarLogo51/lining/153 0.071 17.8 62.6 44.7 91.1
CarLogo51/lining/161 0.054 372.2 316.6 648.8 465.3
CarLogo51/lining/191 0.053 416.0 526.9 472.4 574.5
CarLogo51/lining/235 0.057 432.1 1.0 538.8 95.7
CarLogo51/lining/255 0.062 143.9 663.4 213.6 720.6
CarLogo51/lining/280 0.071 336.4 33.1 439.2 97.7
CarLogo51/lining/281 0.092 706.2 985.9 930.1 1174.0
CarLogo51/lining/312 0.111 290.5 391.7 452.5 490.6
CarLogo51/lining/349 0.156 419.3 186.7 661.1 276.8
CarLogo51/lining/349 0.060 451.5 142.9 571.2 244.5
CarLogo51/pessi/188 0.133 1.0 265.0 302.2 426.0
CarLogo51/pessi/202 0.122 239.4 305.0 319.8 396.7
CarLogo51/pessi/205 0.118 569.4 1439.2 952.4 1617.0
CarLogo51/pessi/276 0.101 1.0 12.9 139.1 112.0
CarLogo51/pessi/345 0.056 732.2 345.1 1182.5 699.2
CarLogo51/pessi/390 0.081 186.9 17.8 301.6 91.0
CarLogo51/yili/143 0.084 1.0 1.0 251.7 255.4
CarLogo51/yili/147 0.052 245.7 203.5 361.2 248.7
CarLogo51/yili/174 0.060 415.1 249.8 471.9 334.2
CarLogo51/yili/259 0.074 619.7 941.9 816.8 1112.2
CarLogo51/yili/264 0.063 144.6 169.8 220.0 252.2
CarLogo51/yili/27 0.168 182.6 163.7 315.6 241.9
CarLogo51/yili/76 0.093 203.7 270.0 267.4 325.4
CarLogo51/uniquo/272 0.104 149.2 299.8 192.0 336.5
CarLogo51/uniquo/29 0.069 298.9 95.6 400.0 148.5
CarLogo51/uniquo/471 0.057 208.9 239.3 410.5 300.0
CarLogo51/coca/14 0.061 188.4 272.2 244.5 331.2
CarLogo51/coca/156 0.099 163.9 24.3 241.7 101.6
CarLogo51/coca/163 0.050 255.0 642.6 331.9 758.1
CarLogo51/coca/23 0.080 30.4 75.4 157.7 140.2
CarLogo51/coca/314 0.065 54.2 113.0 293.6 248.4
CarLogo51/coca/314 0.050 155.7 121.3 224.5 173.5
CarLogo51/coca/317 0.106 1057.9 813.6 2277.0 1426.7
CarLogo51/coca/328 0.061 1014.8 969.1 1322.5 1359.4
CarLogo51/coca/417 0.057 167.1 136.2 323.3 272.1
CarLogo51/Haier/118 0.090 244.2 17.0 542.7 115.6
CarLogo51/Haier/118 0.069 343.1 123.9 523.4 195.0
CarLogo51/Haier/190 0.052 208.0 228.6 280.6 285.7
CarLogo51/Haier/233 0.051 393.2 146.0 450.5 190.0
CarLogo51/Huawei/10 0.120 523.7 376.7 1079.0 603.2
CarLogo51/Huawei/132 0.121 320.4 308.6 371.7 364.0
CarLogo51/Huawei/14 0.057 1.0 20.6 91.4 67.8
CarLogo51/Huawei/2 0.190 288.0 14.1 575.0 300.0
CarLogo51/Huawei/221 0.057 305.1 70.2 558.1 228.7
CarLogo51/Huawei/289 0.089 412.3 402.2 805.1 545.7
CarLogo51/Huawei/319 0.088 229.0 80.2 450.7 130.3
CarLogo51/Huawei/319 0.066 169.9 93.8 278.9 143.0
CarLogo51/Huawei/34 0.084 143.4 164.8 440.2 501.5
CarLogo51/Huawei/38 0.082 730.8 90.0 1587.2 291.3
CarLogo51/Huawei/52 0.063 521.5 482.4 613.5 557.8
CarLogo51/Huawei/85 0.426 370.1 401.6 558.2 549.3
CarLogo51/Apple/398 0.122 81.4 302.3 120.7 340.3
CarLogo51/Lenovo/155 0.093 1304.8 424.2 2090.1 1025.0
CarLogo51/Lenovo/197 0.072 206.2 135.7 250.6 169.4
CarLogo51/Lenovo/201 0.122 1.0 10.1 400.0 232.0
CarLogo51/Lenovo/214 0.075 709.9 76.9 1024.0 210.6
CarLogo51/Lenovo/230 0.104 43.1 84.4 436.0 248.0
CarLogo51/Lenovo/30 0.055 226.1 127.3 574.7 203.2
CarLogo51/Lenovo/331 0.103 337.5 204.3 650.0 399.8
CarLogo51/Lenovo/331 0.079 193.3 335.4 446.5 447.0
CarLogo51/Lenovo/373 0.114 1.0 215.7 902.0 594.3
CarLogo51/Lenovo/373 0.101 359.7 321.7 652.1 593.6
CarLogo51/Lenovo/380 0.100 135.5 269.5 253.2 336.3
CarLogo51/Lenovo/380 0.093 119.9 270.3 196.5 310.8
CarLogo51/Lenovo/507 0.120 1.0 127.7 225.4 241.0
CarLogo51/Lenovo/51 0.089 110.4 76.8 400.0 253.2
CarLogo51/Lenovo/51 0.051 1.0 70.1 203.4 271.5
CarLogo51/Lenovo/581 0.186 354.9 409.2 580.0 580.0
CarLogo51/Lenovo/62 0.073 1.0 159.5 354.0 305.6
CarLogo51/McDonalds/105 0.066 207.8 452.1 332.8 525.3
CarLogo51/McDonalds/107 0.059 149.2 522.6 266.4 634.7
CarLogo51/McDonalds/123 0.059 383.4 553.2 530.3 743.3
CarLogo51/McDonalds/129 0.106 234.1 105.0 412.4 443.0
CarLogo51/McDonalds/165 0.073 287.2 26.1 381.0 102.9
CarLogo51/McDonalds/182 0.052 138.8 241.6 357.0 307.6
CarLogo51/McDonalds/198 0.074 249.7 528.3 389.3 622.7
CarLogo51/McDonalds/213 0.051 425.7 1.0 650.0 419.0
CarLogo51/McDonalds/222 0.069 433.6 482.1 556.6 564.2
CarLogo51/McDonalds/246 0.091 106.1 17.6 150.0 98.1
CarLogo51/McDonalds/255 0.063 49.5 65.1 290.4 212.6
CarLogo51/McDonalds/260 0.062 103.3 209.1 344.8 275.0
CarLogo51/McDonalds/41 0.117 177.9 51.2 255.0 138.1
CarLogo51/McDonalds/93 0.117 177.9 51.2 255.0 138.1
CarLogo51/Amazon/150 0.119 868.6 499.7 978.3 591.6
CarLogo51/Amazon/150 0.065 197.6 490.1 357.8 637.6
CarLogo51/Amazon/294 0.052 1.0 211.1 370.2 353.0
CarLogo51/Amazon/326 0.103 173.0 1.0 637.7 223.6
CarLogo51/Amazon/44 0.119 868.6 499.7 978.3 591.6
CarLogo51/Amazon/44 0.065 197.6 490.1 357.8 637.6
CarLogo51/Amazon/556 0.220 527.3 389.4 1024.0 531.1
CarLogo51/Amazon/63 0.059 1.0 101.3 618.6 261.9
CarLogo51/Amazon/97 0.119 868.6 499.7 978.3 591.6
CarLogo51/Amazon/97 0.065 197.6 490.1 357.8 637.6
