CarLogo51/Acura/3845 0.344 446.4 492.1 828.0 567.5
CarLogo51/Acura/3845 0.086 141.7 462.7 659.1 623.5
CarLogo51/Audi/6892 0.051 9.9 242.2 228.7 316.1
CarLogo51/Benz/2470 0.053 361.3 362.9 600.0 464.4
CarLogo51/Benz/3750 0.105 346.2 406.5 540.0 466.1
CarLogo51/Benz/3750 0.070 1.0 371.5 340.5 490.7
CarLogo51/Benz/7412 0.074 38.4 382.7 383.1 491.6
CarLogo51/BMW/0767 0.211 1246.4 1525.7 2361.2 2135.0
CarLogo51/BMW/4926 0.307 941.6 1.0 1308.1 157.9
CarLogo51/BMW/4926 0.090 1338.2 1.0 1600.0 122.2
CarLogo51/BMW/9885 0.078 301.7 618.0 507.6 766.9
CarLogo51/Bugatti/2696 0.066 264.5 617.8 360.0 640.0
CarLogo51/Buick/6270 0.063 1.0 78.7 159.0 154.5
CarLogo51/Buick/9060 0.078 20.7 660.9 711.9 768.0
CarLogo51/nike/tf_nike_149 0.082 1.0 206.6 279.9 287.2
CarLogo51/nike/tf_nike_47 0.080 1.0 52.9 168.2 371.3
CarLogo51/adidas/tf_adidas_133 0.133 30.7 363.0 80.5 391.0
CarLogo51/adidas/tf_adidas_133 0.095 181.2 370.7 320.0 391.0
CarLogo51/adidas/tf_adidas_133 0.052 171.1 84.1 320.0 391.0
CarLogo51/adidas/tf_adidas_190 0.053 376.4 109.6 750.0 302.0
CarLogo51/adidas/tf_adidas_210 0.054 635.6 117.0 750.0 308.9
CarLogo51/adidas/tf_adidas_217 0.050 417.0 178.9 612.3 364.1
CarLogo51/adidas/tf_adidas_38 0.057 1036.0 945.3 1920.0 1079.1
CarLogo51/vans/223 0.115 228.3 147.0 358.6 266.0
CarLogo51/vans/322 0.055 29.2 17.2 147.1 99.7
CarLogo51/converse/tf_converse_111 0.115 1.0 56.4 522.3 255.0
CarLogo51/converse/tf_converse_111 0.107 78.1 1.0 265.7 338.5
CarLogo51/converse/tf_converse_111 0.061 196.8 67.0 691.7 173.3
CarLogo51/converse/tf_converse_159 0.105 1.0 22.3 537.5 266.7
CarLogo51/converse/tf_converse_159 0.071 253.6 36.7 728.0 209.1
CarLogo51/nb/19 0.072 44.1 143.4 157.5 190.0
CarLogo51/nb/19 0.055 56.4 153.7 500.0 190.0
CarLogo51/nb/46 0.057 1.0 177.8 300.2 226.1
CarLogo51/nb/7 0.078 365.8 313.0 822.0 457.4
CarLogo51/lining/257 0.072 102.0 832.4 184.0 883.8
CarLogo51/pessi/245 0.089 58.0 223.9 310.2 331.4
CarLogo51/pessi/323 0.051 249.1 1254.6 710.9 1468.0
CarLogo51/yili/224 0.097 312.3 65.9 420.4 153.9
CarLogo51/yili/288 0.053 392.0 395.4 471.0 423.0
CarLogo51/uniquo/272 0.088 306.0 227.6 381.3 275.0
CarLogo51/uniquo/454 0.057 309.4 14.8 521.1 79.6
CarLogo51/coca/209 0.051 100.5 295.1 234.5 346.4
CarLogo51/coca/320 0.103 1.0 280.0 273.7 509.0
CarLogo51/coca/335 0.052 523.0 420.3 833.2 537.2
CarLogo51/coca/354 0.083 60.1 86.7 238.3 170.7
CarLogo51/Haier/133 0.154 138.4 152.9 316.0 396.0
CarLogo51/Haier/144 0.053 465.7 217.3 514.0 240.0
CarLogo51/Haier/186 0.084 305.4 51.1 438.5 92.3
CarLogo51/Haier/256 0.091 171.4 190.7 353.4 366.0
CarLogo51/Haier/57 0.108 218.6 491.3 820.8 644.1
CarLogo51/Haier/6 0.173 1.0 139.9 962.2 714.7
CarLogo51/Haier/60 0.060 414.6 43.4 562.3 238.0
CarLogo51/Haier/62 0.173 1.0 139.9 962.2 714.7
CarLogo51/Haier/7 0.108 218.6 491.3 820.8 644.1
CarLogo51/Haier/86 0.054 143.3 181.2 281.7 311.0
CarLogo51/Haier/92 0.067 275.9 85.5 494.8 146.7
CarLogo51/Huawei/102 0.054 78.0 196.1 994.9 470.4
CarLogo51/Huawei/105 0.051 800.3 469.1 917.7 600.6
CarLogo51/Huawei/19 0.098 432.8 174.9 692.0 264.4
CarLogo51/Huawei/206 0.072 1.0 1.0 533.0 140.8
CarLogo51/Huawei/96 0.195 355.2 208.4 524.8 253.7
CarLogo51/Apple/325 0.144 243.3 208.4 430.4 368.8
CarLogo51/Lenovo/205 0.126 575.8 70.5 830.2 190.1
CarLogo51/Lenovo/205 0.067 664.3 318.0 930.8 406.8
CarLogo51/Lenovo/261 0.062 68.2 145.2 116.5 171.0
CarLogo51/McDonalds/123 0.069 159.9 821.7 302.3 920.6
CarLogo51/McDonalds/18 0.051 51.4 279.3 703.8 388.2
CarLogo51/McDonalds/195 0.093 66.0 273.9 101.6 303.8
CarLogo51/McDonalds/233 0.054 61.9 234.2 137.8 276.4
CarLogo51/McDonalds/28 0.235 75.7 320.3 616.9 427.9
CarLogo51/McDonalds/38 0.319 46.3 214.5 272.0 265.0
CarLogo51/McDonalds/43 0.090 1.0 280.6 640.0 376.2
CarLogo51/McDonalds/70 0.051 51.4 279.3 703.8 388.2
CarLogo51/McDonalds/80 0.235 75.7 320.3 616.9 427.9
CarLogo51/McDonalds/90 0.319 46.3 214.5 272.0 265.0
CarLogo51/McDonalds/95 0.090 1.0 280.6 640.0 376.2
CarLogo51/Amazon/0 1.000 32.5 119.8 414.5 231.6
CarLogo51/Amazon/1 0.999 8.0 1.0 560.0 179.5
CarLogo51/Amazon/105 0.999 57.7 158.0 625.4 370.2
CarLogo51/Amazon/106 1.000 32.5 119.8 414.5 231.6
CarLogo51/Amazon/107 0.999 8.0 1.0 560.0 179.5
CarLogo51/Amazon/108 0.999 254.4 433.1 687.3 604.3
CarLogo51/Amazon/109 1.000 138.4 217.2 854.7 455.7
CarLogo51/Amazon/11 0.986 263.0 44.6 534.5 316.2
CarLogo51/Amazon/11 0.098 144.0 343.1 262.3 428.1
CarLogo51/Amazon/110 1.000 1.0 209.4 571.7 385.0
CarLogo51/Amazon/111 0.994 103.9 143.0 441.5 230.3
CarLogo51/Amazon/111 0.226 273.7 128.9 473.0 308.1
CarLogo51/Amazon/112 0.998 67.7 238.5 1024.0 634.0
CarLogo51/Amazon/112 0.631 28.6 146.8 353.7 525.7
CarLogo51/Amazon/113 0.997 1.0 140.4 905.0 868.5
CarLogo51/Amazon/113 0.054 95.0 90.2 354.8 1024.0
CarLogo51/Amazon/114 0.999 451.2 148.0 721.1 247.5
CarLogo51/Amazon/114 0.747 1.0 83.0 476.5 283.1
CarLogo51/Amazon/115 0.987 229.6 130.3 358.2 189.1
CarLogo51/Amazon/117 0.986 263.0 44.6 534.5 316.2
CarLogo51/Amazon/117 0.098 144.0 343.1 262.3 428.1
CarLogo51/Amazon/118 0.999 267.7 104.3 575.4 190.0
CarLogo51/Amazon/119 1.000 1.0 5.0 472.3 159.4
CarLogo51/Amazon/12 0.999 267.7 104.3 575.4 190.0
CarLogo51/Amazon/122 0.998 279.7 21.4 804.8 578.5
CarLogo51/Amazon/128 1.000 1.0 47.5 658.1 283.3
CarLogo51/Amazon/128 0.051 1.0 39.5 150.9 218.2
CarLogo51/Amazon/13 1.000 1.0 5.0 472.3 159.4
CarLogo51/Amazon/130 0.996 1.0 58.6 350.0 350.0
CarLogo51/Amazon/131 1.000 121.8 29.7 474.3 149.7
CarLogo51/Amazon/132 0.999 182.1 145.3 408.4 230.1
CarLogo51/Amazon/133 0.999 62.1 87.6 397.8 213.8
CarLogo51/Amazon/133 0.076 116.2 153.0 335.5 254.4
CarLogo51/Amazon/135 0.999 19.5 65.4 179.7 122.7
CarLogo51/Amazon/137 1.000 93.5 450.0 852.3 636.0
CarLogo51/Amazon/138 0.999 90.4 103.7 349.0 181.4
CarLogo51/Amazon/139 0.997 4.3 57.0 265.6 256.9
CarLogo51/Amazon/140 0.999 67.3 107.2 263.7 178.9
CarLogo51/Amazon/142 1.000 10.1 35.3 314.2 137.0
CarLogo51/Amazon/143 1.000 152.4 110.1 461.1 217.4
CarLogo51/Amazon/143 0.088 1.0 22.8 489.0 289.5
CarLogo51/Amazon/144 0.999 303.1 122.3 973.0 375.5
CarLogo51/Amazon/145 0.999 587.0 1.0 912.5 635.0
CarLogo51/Amazon/145 0.998 65.9 160.3 402.7 292.2
CarLogo51/Amazon/145 0.338 1.0 131.1 830.4 328.5
CarLogo51/Amazon/145 0.221 196.8 227.0 1013.0 514.0
CarLogo51/Amazon/145 0.137 767.6 66.2 1013.0 580.7
CarLogo51/Amazon/146 1.000 12.1 14.5 497.7 149.4
CarLogo51/Amazon/146 0.161 1.0 16.9 116.5 135.8
CarLogo51/Amazon/150 0.996 419.9 118.1 793.0 504.8
CarLogo51/Amazon/150 0.926 152.3 658.4 378.3 841.3
CarLogo51/Amazon/158 0.999 57.7 158.0 625.4 370.2
CarLogo51/Amazon/16 0.998 279.7 21.4 804.8 578.5
CarLogo51/Amazon/173 0.949 74.5 22.3 193.5 84.7
CarLogo51/Amazon/176 0.921 1.0 130.4 270.2 290.0
CarLogo51/Amazon/185 0.984 47.8 44.0 415.9 143.4
CarLogo51/Amazon/185 0.325 341.3 37.7 680.0 144.3
CarLogo51/Amazon/185 0.169 54.5 1.0 680.0 322.1
CarLogo51/Amazon/187 1.000 7.9 108.2 291.7 209.1
CarLogo51/Amazon/189 0.992 20.1 41.3 297.5 123.1
CarLogo51/Amazon/189 0.371 202.4 43.5 447.0 123.5
CarLogo51/Amazon/189 0.165 1.0 31.3 447.0 340.0
CarLogo51/Amazon/190 1.000 1.0 95.5 183.9 175.6
CarLogo51/Amazon/191 1.000 28.1 247.8 461.7 394.6
CarLogo51/Amazon/192 1.000 74.7 202.4 306.2 287.2
CarLogo51/Amazon/195 0.999 1.0 25.4 445.1 113.1
CarLogo51/Amazon/195 0.141 191.9 1.0 409.9 83.6
CarLogo51/Amazon/195 0.057 149.4 251.6 467.9 359.9
CarLogo51/Amazon/195 0.054 1.0 11.2 76.6 116.5
CarLogo51/Amazon/196 0.990 47.2 85.2 123.6 122.4
CarLogo51/Amazon/197 0.999 1.0 158.3 841.9 536.4
CarLogo51/Amazon/197 0.096 608.1 58.5 1023.0 464.4
CarLogo51/Amazon/197 0.074 243.9 277.0 1023.0 426.6
CarLogo51/Amazon/2 0.999 254.4 433.1 687.3 604.3
CarLogo51/Amazon/202 0.998 67.4 1.0 263.8 72.4
CarLogo51/Amazon/202 0.055 85.2 1.0 258.6 20.9
CarLogo51/Amazon/203 1.000 29.0 218.0 487.1 371.3
CarLogo51/Amazon/208 0.999 1.0 158.3 841.9 536.4
CarLogo51/Amazon/208 0.096 608.1 58.5 1023.0 464.4
CarLogo51/Amazon/208 0.074 243.9 277.0 1023.0 426.6
CarLogo51/Amazon/209 0.999 91.8 5.1 276.3 77.3
CarLogo51/Amazon/219 1.000 1.0 146.4 194.3 215.6
CarLogo51/Amazon/22 1.000 1.0 47.5 658.1 283.3
CarLogo51/Amazon/22 0.051 1.0 39.5 150.9 218.2
CarLogo51/Amazon/224 1.000 7.9 108.2 291.7 209.1
CarLogo51/Amazon/225 1.000 1.0 95.5 183.9 175.6
CarLogo51/Amazon/237 0.998 74.5 104.0 285.6 166.5
CarLogo51/Amazon/237 0.234 137.4 116.1 391.2 193.3
CarLogo51/Amazon/24 0.996 1.0 58.6 350.0 350.0
CarLogo51/Amazon/242 0.999 91.3 99.5 315.2 196.5
CarLogo51/Amazon/25 1.000 121.8 29.7 474.3 149.7
CarLogo51/Amazon/250 1.000 21.0 22.4 392.5 152.3
CarLogo51/Amazon/250 0.117 6.7 33.0 106.9 123.2
CarLogo51/Amazon/252 0.996 34.5 60.4 242.1 134.7
CarLogo51/Amazon/253 1.000 3.7 1.0 322.7 124.6
CarLogo51/Amazon/253 0.081 3.6 7.9 98.8 119.1
CarLogo51/Amazon/254 1.000 49.0 81.3 600.0 234.0
CarLogo51/Amazon/254 0.182 13.5 66.6 157.5 216.9
CarLogo51/Amazon/258 1.000 9.2 175.8 404.9 318.9
CarLogo51/Amazon/259 1.000 65.3 256.7 427.1 374.1
CarLogo51/Amazon/26 0.999 182.1 145.3 408.4 230.1
CarLogo51/Amazon/263 1.000 15.6 256.2 560.6 430.2
CarLogo51/Amazon/264 1.000 9.2 175.8 404.9 318.9
CarLogo51/Amazon/265 1.000 65.3 256.7 427.1 374.1
CarLogo51/Amazon/269 0.998 63.7 213.1 298.3 303.2
CarLogo51/Amazon/27 0.999 62.1 87.6 397.8 213.8
CarLogo51/Amazon/27 0.076 116.2 153.0 335.5 254.4
CarLogo51/Amazon/271 0.998 70.4 189.2 301.9 285.1
CarLogo51/Amazon/271 0.061 1.0 185.5 501.0 345.0
CarLogo51/Amazon/272 0.998 261.2 111.8 484.7 196.3
CarLogo51/Amazon/277 0.999 214.0 14.7 513.2 128.7
CarLogo51/Amazon/281 1.000 4.1 134.3 483.6 292.9
CarLogo51/Amazon/281 0.093 1.0 158.8 229.8 255.7
CarLogo51/Amazon/286 0.999 137.5 110.3 377.3 200.4
CarLogo51/Amazon/29 0.999 19.5 65.4 179.7 122.7
CarLogo51/Amazon/290 0.997 103.6 325.7 419.1 434.9
CarLogo51/Amazon/290 0.107 349.2 313.4 654.5 429.1
CarLogo51/Amazon/294 0.993 7.1 1.0 600.0 156.6
CarLogo51/Amazon/294 0.063 1.0 241.4 485.8 353.0
CarLogo51/Amazon/294 0.056 1.0 30.3 271.6 322.6
CarLogo51/Amazon/294 0.054 210.4 1.0 442.7 353.0
CarLogo51/Amazon/296 1.000 13.6 114.7 285.1 192.4
CarLogo51/Amazon/296 0.167 27.8 1.0 188.1 220.0
CarLogo51/Amazon/299 1.000 10.1 181.8 459.2 340.7
CarLogo51/Amazon/3 1.000 138.4 217.2 854.7 455.7
CarLogo51/Amazon/301 1.000 194.4 34.0 490.8 134.8
CarLogo51/Amazon/301 0.112 149.5 1.0 400.8 256.1
CarLogo51/Amazon/304 1.000 63.9 221.9 587.3 386.8
CarLogo51/Amazon/306 1.000 5.7 125.7 303.3 236.1
CarLogo51/Amazon/306 0.080 1.0 125.7 76.5 213.8
CarLogo51/Amazon/31 1.000 93.5 450.0 852.3 636.0
CarLogo51/Amazon/310 1.000 74.7 202.4 306.2 287.2
CarLogo51/Amazon/318 1.000 49.9 68.2 456.5 188.0
CarLogo51/Amazon/32 0.999 90.4 103.7 349.0 181.4
CarLogo51/Amazon/320 1.000 13.6 114.7 285.1 192.4
CarLogo51/Amazon/320 0.167 27.8 1.0 188.1 220.0
CarLogo51/Amazon/323 1.000 10.1 181.8 459.2 340.7
CarLogo51/Amazon/325 1.000 63.9 221.9 587.3 386.8
CarLogo51/Amazon/326 0.054 1.0 494.8 687.0 636.6
CarLogo51/Amazon/327 1.000 194.4 34.0 490.8 134.8
CarLogo51/Amazon/327 0.112 149.5 1.0 400.8 256.1
CarLogo51/Amazon/33 0.997 4.3 57.0 265.6 256.9
CarLogo51/Amazon/337 1.000 166.6 110.2 439.4 211.2
CarLogo51/Amazon/337 0.485 1.0 85.4 600.0 267.7
CarLogo51/Amazon/34 0.999 67.3 107.2 263.7 178.9
CarLogo51/Amazon/346 0.982 179.3 121.7 484.2 247.0
CarLogo51/Amazon/349 0.999 76.9 274.5 380.4 386.8
CarLogo51/Amazon/350 0.996 1.0 136.9 205.9 223.8
CarLogo51/Amazon/351 0.955 1.0 235.7 209.0 278.0
CarLogo51/Amazon/351 0.208 207.4 69.9 281.7 132.4
CarLogo51/Amazon/355 0.998 95.5 182.7 268.8 247.3
CarLogo51/Amazon/355 0.121 41.8 159.4 393.0 228.9
CarLogo51/Amazon/356 0.999 1.0 90.6 146.6 145.5
CarLogo51/Amazon/357 1.000 8.5 171.2 462.0 325.0
CarLogo51/Amazon/36 1.000 10.1 35.3 314.2 137.0
CarLogo51/Amazon/363 1.000 1.0 254.7 427.0 381.3
CarLogo51/Amazon/37 1.000 152.4 110.1 461.1 217.4
CarLogo51/Amazon/37 0.088 1.0 22.8 489.0 289.5
CarLogo51/Amazon/371 0.999 79.7 100.3 328.4 194.1
CarLogo51/Amazon/379 0.988 231.9 210.2 690.1 379.2
CarLogo51/Amazon/379 0.691 298.4 304.1 658.1 425.0
CarLogo51/Amazon/38 0.999 303.1 122.3 973.0 375.5
CarLogo51/Amazon/380 1.000 15.1 93.0 293.5 199.9
CarLogo51/Amazon/380 0.090 1.0 99.1 80.5 175.8
CarLogo51/Amazon/382 1.000 1.0 125.1 312.2 218.3
CarLogo51/Amazon/382 0.090 1.0 119.6 62.6 219.4
CarLogo51/Amazon/384 1.000 31.1 209.0 387.0 322.1
CarLogo51/Amazon/384 0.392 1.0 54.5 400.0 292.9
CarLogo51/Amazon/385 1.000 1.0 64.3 614.8 253.1
CarLogo51/Amazon/389 0.998 83.2 267.3 371.6 380.3
CarLogo51/Amazon/39 0.999 587.0 1.0 912.5 635.0
CarLogo51/Amazon/39 0.998 65.9 160.3 402.7 292.2
CarLogo51/Amazon/39 0.338 1.0 131.1 830.4 328.5
CarLogo51/Amazon/39 0.221 196.8 227.0 1013.0 514.0
CarLogo51/Amazon/39 0.137 767.6 66.2 1013.0 580.7
CarLogo51/Amazon/391 1.000 115.9 152.0 392.5 249.9
CarLogo51/Amazon/394 0.999 385.1 79.5 1109.8 350.3
CarLogo51/Amazon/4 1.000 1.0 209.4 571.7 385.0
CarLogo51/Amazon/40 1.000 12.1 14.5 497.7 149.4
CarLogo51/Amazon/40 0.161 1.0 16.9 116.5 135.8
CarLogo51/Amazon/404 0.904 334.9 306.0 571.8 408.0
CarLogo51/Amazon/406 0.996 18.8 14.1 587.4 149.7
CarLogo51/Amazon/406 0.075 94.6 1.0 260.1 146.0
CarLogo51/Amazon/410 1.000 58.8 3.3 332.6 108.3
CarLogo51/Amazon/410 0.101 43.7 11.5 100.3 66.9
CarLogo51/Amazon/411 0.998 24.1 121.0 269.7 212.3
CarLogo51/Amazon/413 0.999 1.0 77.3 330.8 160.6
CarLogo51/Amazon/413 0.166 270.8 69.4 472.4 148.1
CarLogo51/Amazon/414 0.999 1.0 1.0 300.0 187.1
CarLogo51/Amazon/435 1.000 74.3 91.4 404.8 191.3
CarLogo51/Amazon/439 0.998 59.3 204.8 237.0 291.8
CarLogo51/Amazon/439 0.062 25.6 165.5 342.7 336.7
CarLogo51/Amazon/44 0.996 419.9 118.1 793.0 504.8
CarLogo51/Amazon/44 0.926 152.3 658.4 378.3 841.3
CarLogo51/Amazon/440 0.998 59.9 267.3 286.9 361.4
CarLogo51/Amazon/450 0.999 385.1 79.5 1109.8 350.3
CarLogo51/Amazon/451 0.997 55.3 138.3 202.9 196.4
CarLogo51/Amazon/456 0.907 226.5 99.9 687.0 208.3
CarLogo51/Amazon/456 0.141 1.0 108.7 422.9 219.5
CarLogo51/Amazon/456 0.103 268.0 122.1 404.0 217.7
CarLogo51/Amazon/456 0.099 485.3 100.8 645.1 264.3
CarLogo51/Amazon/456 0.061 174.3 145.7 568.1 259.0
CarLogo51/Amazon/458 1.000 23.6 251.7 432.1 379.2
CarLogo51/Amazon/459 1.000 88.1 58.7 400.1 183.9
CarLogo51/Amazon/462 1.000 58.4 84.8 297.2 165.4
CarLogo51/Amazon/465 1.000 114.2 143.9 415.7 250.3
CarLogo51/Amazon/470 0.999 1.0 1.0 300.0 187.1
CarLogo51/Amazon/471 0.989 105.9 75.9 639.3 244.6
CarLogo51/Amazon/471 0.061 79.8 61.1 241.4 235.0
CarLogo51/Amazon/475 0.999 94.8 150.0 296.9 221.8
CarLogo51/Amazon/477 1.000 49.6 30.3 378.1 141.0
CarLogo51/Amazon/477 0.487 70.0 1.0 365.3 360.0
CarLogo51/Amazon/477 0.188 115.6 170.9 600.0 317.2
CarLogo51/Amazon/479 0.995 88.1 299.5 334.3 400.5
CarLogo51/Amazon/481 0.999 1.0 117.6 192.3 192.7
CarLogo51/Amazon/488 0.999 7.6 153.4 242.3 241.3
CarLogo51/Amazon/489 0.999 13.6 147.5 246.3 231.7
CarLogo51/Amazon/504 1.000 63.4 150.0 344.2 239.9
CarLogo51/Amazon/504 0.059 1.0 46.4 420.4 266.4
CarLogo51/Amazon/506 1.000 5.6 98.4 478.6 241.5
CarLogo51/Amazon/506 0.102 78.0 67.4 402.4 167.8
CarLogo51/Amazon/510 0.997 81.8 241.1 260.3 303.8
CarLogo51/Amazon/510 0.110 1.0 201.7 310.4 335.1
CarLogo51/Amazon/511 1.000 121.9 135.9 533.6 272.9
CarLogo51/Amazon/513 1.000 1.0 132.3 450.0 270.0
CarLogo51/Amazon/518 1.000 70.2 202.4 593.3 372.3
CarLogo51/Amazon/52 0.999 57.7 158.0 625.4 370.2
CarLogo51/Amazon/529 0.992 193.5 150.0 512.5 221.9
CarLogo51/Amazon/529 0.092 230.7 88.8 561.3 296.1
CarLogo51/Amazon/53 1.000 32.5 119.8 414.5 231.6
CarLogo51/Amazon/533 0.997 195.4 96.5 448.9 233.8
CarLogo51/Amazon/54 0.999 8.0 1.0 560.0 179.5
CarLogo51/Amazon/55 0.999 254.4 433.1 687.3 604.3
CarLogo51/Amazon/556 0.989 235.2 237.1 950.0 423.9
CarLogo51/Amazon/556 0.276 638.6 290.8 1024.0 433.6
CarLogo51/Amazon/558 0.629 413.2 46.4 740.0 133.4
CarLogo51/Amazon/56 1.000 138.4 217.2 854.7 455.7
CarLogo51/Amazon/560 1.000 24.4 73.0 334.8 186.9
CarLogo51/Amazon/57 1.000 1.0 209.4 571.7 385.0
CarLogo51/Amazon/573 0.999 50.1 146.0 227.6 214.9
CarLogo51/Amazon/583 0.999 1.0 135.4 644.0 363.0
CarLogo51/Amazon/585 0.998 1.0 84.9 322.1 190.0
CarLogo51/Amazon/585 0.226 208.7 92.1 307.1 160.0
CarLogo51/Amazon/59 0.998 67.7 238.5 1024.0 634.0
CarLogo51/Amazon/59 0.631 28.6 146.8 353.7 525.7
CarLogo51/Amazon/597 0.999 35.5 143.5 484.8 316.0
CarLogo51/Amazon/597 0.083 1.0 140.8 112.4 316.0
CarLogo51/Amazon/6 0.998 67.7 238.5 1024.0 634.0
CarLogo51/Amazon/6 0.631 28.6 146.8 353.7 525.7
CarLogo51/Amazon/60 0.997 1.0 140.4 905.0 868.5
CarLogo51/Amazon/60 0.054 95.0 90.2 354.8 1024.0
CarLogo51/Amazon/61 0.999 451.2 148.0 721.1 247.5
CarLogo51/Amazon/61 0.747 1.0 83.0 476.5 283.1
CarLogo51/Amazon/62 0.987 229.6 130.3 358.2 189.1
CarLogo51/Amazon/621 1.000 42.0 166.9 491.0 320.1
CarLogo51/Amazon/63 0.638 146.9 56.6 584.2 403.1
CarLogo51/Amazon/630 1.000 54.2 123.8 345.4 223.5
CarLogo51/Amazon/631 0.998 203.8 125.9 426.3 211.6
CarLogo51/Amazon/632 1.000 109.1 146.9 439.7 232.3
CarLogo51/Amazon/632 0.382 1.0 78.9 543.1 258.0
CarLogo51/Amazon/632 0.091 212.5 119.4 601.3 210.5
CarLogo51/Amazon/64 0.986 263.0 44.6 534.5 316.2
CarLogo51/Amazon/64 0.098 144.0 343.1 262.3 428.1
CarLogo51/Amazon/640 0.218 356.6 37.7 503.5 202.3
CarLogo51/Amazon/644 1.000 33.9 251.2 314.7 338.0
CarLogo51/Amazon/65 0.999 267.7 104.3 575.4 190.0
CarLogo51/Amazon/652 1.000 53.1 153.9 396.0 260.2
CarLogo51/Amazon/654 1.000 33.9 251.2 314.7 338.0
CarLogo51/Amazon/66 1.000 1.0 5.0 472.3 159.4
CarLogo51/Amazon/666 0.999 174.3 103.6 471.6 199.2
CarLogo51/Amazon/672 0.999 1.0 161.0 266.7 242.7
CarLogo51/Amazon/69 0.998 279.7 21.4 804.8 578.5
CarLogo51/Amazon/7 0.997 1.0 140.4 905.0 868.5
CarLogo51/Amazon/7 0.054 95.0 90.2 354.8 1024.0
CarLogo51/Amazon/75 1.000 1.0 47.5 658.1 283.3
CarLogo51/Amazon/75 0.051 1.0 39.5 150.9 218.2
CarLogo51/Amazon/77 0.996 1.0 58.6 350.0 350.0
CarLogo51/Amazon/78 1.000 121.8 29.7 474.3 149.7
CarLogo51/Amazon/79 0.999 182.1 145.3 408.4 230.1
CarLogo51/Amazon/8 0.999 451.2 148.0 721.1 247.5
CarLogo51/Amazon/8 0.747 1.0 83.0 476.5 283.1
CarLogo51/Amazon/80 0.999 62.1 87.6 397.8 213.8
CarLogo51/Amazon/80 0.076 116.2 153.0 335.5 254.4
CarLogo51/Amazon/82 0.999 19.5 65.4 179.7 122.7
CarLogo51/Amazon/84 1.000 93.5 450.0 852.3 636.0
CarLogo51/Amazon/85 0.999 90.4 103.7 349.0 181.4
CarLogo51/Amazon/86 0.997 4.3 57.0 265.6 256.9
CarLogo51/Amazon/87 0.999 67.3 107.2 263.7 178.9
CarLogo51/Amazon/89 1.000 10.1 35.3 314.2 137.0
CarLogo51/Amazon/9 0.987 229.6 130.3 358.2 189.1
CarLogo51/Amazon/90 1.000 152.4 110.1 461.1 217.4
CarLogo51/Amazon/90 0.088 1.0 22.8 489.0 289.5
CarLogo51/Amazon/91 0.999 303.1 122.3 973.0 375.5
CarLogo51/Amazon/92 0.999 587.0 1.0 912.5 635.0
CarLogo51/Amazon/92 0.998 65.9 160.3 402.7 292.2
CarLogo51/Amazon/92 0.338 1.0 131.1 830.4 328.5
CarLogo51/Amazon/92 0.221 196.8 227.0 1013.0 514.0
CarLogo51/Amazon/92 0.137 767.6 66.2 1013.0 580.7
CarLogo51/Amazon/93 1.000 12.1 14.5 497.7 149.4
CarLogo51/Amazon/93 0.161 1.0 16.9 116.5 135.8
CarLogo51/Amazon/97 0.996 419.9 118.1 793.0 504.8
CarLogo51/Amazon/97 0.926 152.3 658.4 378.3 841.3
