CarLogo51/Acura/4377 0.069 196.4 381.5 260.3 463.3
CarLogo51/Acura/6090 0.069 196.4 381.5 260.3 463.3
CarLogo51/Acura/8440 0.115 64.1 287.7 635.5 598.7
CarLogo51/Alpha-Romeo/1250 0.074 155.8 145.2 347.1 336.1
CarLogo51/Alpha-Romeo/1375 0.073 95.7 42.9 166.6 137.3
CarLogo51/Alpha-Romeo/3370 0.116 1.0 8.0 270.9 160.1
CarLogo51/Alpha-Romeo/5152 0.076 75.9 193.9 190.0 279.3
CarLogo51/Alpha-Romeo/5205 0.054 143.6 151.3 240.0 246.3
CarLogo51/Alpha-Romeo/7455 0.065 247.2 129.3 429.2 218.8
CarLogo51/Audi/0081 0.089 372.4 373.6 433.0 419.2
CarLogo51/Audi/0081 0.070 697.1 368.6 768.7 433.4
CarLogo51/Audi/0287 0.080 273.3 25.8 361.5 72.7
CarLogo51/Audi/1395 0.058 1166.1 1150.5 1417.1 1330.4
CarLogo51/Bentley/1499 0.052 165.4 654.5 344.0 856.1
CarLogo51/Bentley/4321 0.151 416.8 376.8 466.6 418.8
CarLogo51/Bentley/4321 0.069 410.7 385.1 600.0 450.0
CarLogo51/Bentley/9756 0.244 91.1 78.4 135.6 130.0
CarLogo51/Benz/0381 0.079 83.7 58.2 116.0 90.2
CarLogo51/Benz/1376 0.074 324.7 36.0 400.0 100.1
CarLogo51/Benz/1376 0.055 356.4 29.8 564.4 107.6
CarLogo51/Benz/7884 0.053 490.3 389.5 582.3 440.0
CarLogo51/BMW/1609 0.065 659.1 992.7 754.0 1024.0
CarLogo51/BMW/4485 0.081 756.3 147.2 813.8 196.2
CarLogo51/BMW/6901 0.051 42.7 301.5 80.9 340.0
CarLogo51/Bugatti/5821 0.082 167.7 312.6 331.4 473.3
CarLogo51/Bugatti/5821 0.072 61.6 339.9 161.6 442.0
CarLogo51/Bugatti/8605 0.059 140.8 167.8 218.3 185.0
CarLogo51/Buick/4451 0.053 324.6 182.5 417.8 246.0
CarLogo51/Buick/5762 0.058 1.0 34.8 96.5 151.8
CarLogo51/Buick/7138 0.116 390.4 33.4 500.0 178.3
CarLogo51/Buick/8547 0.053 715.4 1.0 823.7 112.6
CarLogo51/nike/tf_nike_104 0.053 11.0 65.2 116.3 101.4
CarLogo51/nike/tf_nike_116 0.085 1.0 10.2 129.1 458.0
CarLogo51/nike/tf_nike_116 0.054 25.9 374.0 114.5 447.0
CarLogo51/nike/tf_nike_117 0.133 242.0 501.3 387.8 724.1
CarLogo51/nike/tf_nike_117 0.087 57.0 631.1 118.2 691.7
CarLogo51/nike/tf_nike_151 0.207 151.1 101.1 571.5 297.5
CarLogo51/nike/tf_nike_151 0.061 1.0 55.3 605.7 183.4
CarLogo51/nike/tf_nike_168 0.065 100.0 181.1 175.4 237.6
CarLogo51/nike/tf_nike_6 0.078 75.7 162.4 198.9 224.5
CarLogo51/nike/tf_nike_95 0.067 168.2 18.8 205.3 54.5
CarLogo51/adidas/tf_adidas_11 0.162 509.0 26.5 552.5 69.1
CarLogo51/adidas/tf_adidas_11 0.068 5.1 63.2 324.0 233.0
CarLogo51/adidas/tf_adidas_11 0.064 481.2 66.0 750.0 196.1
CarLogo51/adidas/tf_adidas_120 0.072 18.3 104.7 132.3 167.8
CarLogo51/adidas/tf_adidas_125 0.059 217.7 272.9 380.0 342.6
CarLogo51/adidas/tf_adidas_134 0.065 88.9 223.8 134.5 271.9
CarLogo51/adidas/tf_adidas_141 0.063 962.6 444.5 1054.4 518.3
CarLogo51/adidas/tf_adidas_218 0.427 1.0 30.5 311.3 195.1
CarLogo51/adidas/tf_adidas_23 0.060 358.1 139.2 516.4 211.5
CarLogo51/adidas/tf_adidas_24 0.052 445.5 258.6 650.0 279.0
CarLogo51/adidas/tf_adidas_41 0.268 620.4 545.5 800.0 776.1
CarLogo51/adidas/tf_adidas_79 0.066 515.1 66.1 733.0 364.4
CarLogo51/adidas/tf_adidas_87 0.130 486.0 277.8 675.4 445.0
CarLogo51/vans/351 0.139 384.9 1.0 893.9 382.5
CarLogo51/vans/39 0.124 48.5 28.7 132.6 94.2
CarLogo51/vans/55 0.063 1.0 147.0 591.0 591.0
CarLogo51/converse/tf_converse_214 0.158 177.8 65.3 362.6 160.7
CarLogo51/puma/110 0.091 125.9 1.0 286.0 97.3
CarLogo51/puma/116 0.122 57.3 1.0 400.0 190.3
CarLogo51/puma/130 0.325 492.9 399.8 566.1 473.8
CarLogo51/puma/140 0.060 1.0 821.9 220.4 1010.0
CarLogo51/puma/155 0.054 203.9 87.4 230.7 113.9
CarLogo51/puma/16 0.067 243.4 46.4 436.7 170.5
CarLogo51/puma/17 0.189 185.8 131.2 310.3 204.0
CarLogo51/puma/17 0.060 173.2 70.2 278.5 302.0
CarLogo51/puma/198 0.062 1.0 285.3 259.7 444.8
CarLogo51/puma/240 0.053 10.3 56.0 153.5 190.6
CarLogo51/puma/275 0.631 1.0 49.6 191.7 233.8
CarLogo51/puma/275 0.354 471.3 736.7 750.0 976.6
CarLogo51/puma/275 0.329 525.2 71.4 744.3 256.6
CarLogo51/puma/275 0.103 1.0 728.7 692.9 1044.0
CarLogo51/puma/275 0.073 628.3 227.0 719.2 349.7
CarLogo51/puma/275 0.071 1.0 709.4 235.0 997.0
CarLogo51/puma/296 0.068 170.8 37.6 201.2 65.0
CarLogo51/puma/368 0.186 16.7 832.4 248.7 1021.3
CarLogo51/puma/37 0.156 1.0 1.0 300.0 115.8
CarLogo51/puma/385 0.106 48.8 670.1 365.2 855.5
CarLogo51/puma/47 0.161 200.9 29.9 330.0 137.2
CarLogo51/puma/47 0.085 1.0 1.0 306.1 117.2
CarLogo51/puma/83 0.321 1.0 762.5 222.4 1045.0
CarLogo51/puma/83 0.128 1.0 29.9 246.2 297.0
CarLogo51/nb/1 0.473 111.1 31.2 304.9 154.4
CarLogo51/nb/103 0.220 28.7 55.4 223.4 192.0
CarLogo51/nb/11 0.430 23.2 14.8 100.0 56.3
CarLogo51/nb/117 0.446 83.0 53.5 470.5 239.5
CarLogo51/nb/119 0.261 81.9 96.2 393.0 213.2
CarLogo51/nb/12 0.190 40.9 202.1 543.8 423.2
CarLogo51/nb/121 0.218 115.9 287.0 388.1 542.1
CarLogo51/nb/122 0.071 225.0 162.8 615.2 374.8
CarLogo51/nb/13 0.255 26.2 155.4 597.9 407.6
CarLogo51/nb/133 0.501 33.0 49.2 250.0 133.1
CarLogo51/nb/133 0.120 1.0 91.0 168.3 174.2
CarLogo51/nb/135 0.161 125.9 349.9 540.0 565.1
CarLogo51/nb/14 0.145 31.6 172.1 360.0 291.2
CarLogo51/nb/16 0.345 109.9 60.4 407.8 158.2
CarLogo51/nb/16 0.086 84.0 19.1 392.0 103.2
CarLogo51/nb/16 0.074 42.2 1.0 305.4 220.0
CarLogo51/nb/17 0.257 123.6 434.4 376.9 522.3
CarLogo51/nb/17 0.109 37.2 363.4 524.2 532.7
CarLogo51/nb/17 0.070 192.7 387.7 435.1 483.2
CarLogo51/nb/18 0.129 1.0 1.0 677.0 293.9
CarLogo51/nb/183 0.155 53.8 72.2 407.9 301.4
CarLogo51/nb/187 0.266 62.9 27.2 228.9 99.8
CarLogo51/nb/19 0.308 105.0 1.0 424.3 190.0
CarLogo51/nb/2 0.088 238.2 226.9 750.0 349.0
CarLogo51/nb/20 0.084 1.0 219.2 413.2 394.5
CarLogo51/nb/21 0.185 138.3 73.4 266.9 191.9
CarLogo51/nb/22 0.245 69.4 121.6 640.0 614.2
CarLogo51/nb/23 0.149 165.4 58.6 360.9 213.8
CarLogo51/nb/25 0.211 95.0 37.8 236.6 188.2
CarLogo51/nb/25 0.122 1.0 67.6 173.3 179.5
CarLogo51/nb/26 0.340 129.0 97.3 430.5 241.2
CarLogo51/nb/26 0.054 48.2 61.6 364.8 163.9
CarLogo51/nb/27 0.148 235.2 236.7 901.7 531.1
CarLogo51/nb/28 0.254 12.0 94.0 250.0 197.7
CarLogo51/nb/28 0.082 1.0 1.0 221.0 155.5
CarLogo51/nb/281 0.470 5.4 1.0 400.0 266.0
CarLogo51/nb/282 0.267 411.6 74.5 603.7 184.2
CarLogo51/nb/287 0.363 15.7 60.0 500.0 220.0
CarLogo51/nb/29 0.097 250.4 268.1 1024.0 628.3
CarLogo51/nb/29 0.057 1.0 215.6 682.1 798.4
CarLogo51/nb/3 0.528 1.0 1.0 512.0 256.5
CarLogo51/nb/305 0.302 142.0 45.4 859.4 412.0
CarLogo51/nb/32 0.223 100.8 91.2 353.7 206.4
CarLogo51/nb/325 0.208 72.5 192.6 479.1 393.8
CarLogo51/nb/344 0.208 72.5 192.6 479.1 393.8
CarLogo51/nb/370 0.450 13.1 53.2 176.7 151.5
CarLogo51/nb/370 0.053 94.6 14.7 211.4 190.0
CarLogo51/nb/380 0.345 62.3 35.9 233.1 127.5
CarLogo51/nb/389 0.080 11.6 31.2 171.0 111.0
CarLogo51/nb/398 0.399 236.3 63.9 753.6 292.7
CarLogo51/nb/398 0.079 96.4 29.1 881.1 159.0
CarLogo51/nb/408 0.494 12.0 140.1 263.8 241.4
CarLogo51/nb/408 0.057 108.0 74.7 262.7 370.0
CarLogo51/nb/417 0.415 1.0 21.2 560.9 307.2
CarLogo51/nb/417 0.059 254.9 1.0 506.0 211.7
CarLogo51/nb/45 0.121 58.8 61.9 240.2 200.0
CarLogo51/nb/46 0.205 76.2 87.5 329.9 194.8
CarLogo51/nb/47 0.516 51.5 124.9 266.6 247.9
CarLogo51/nb/47 0.204 56.8 94.3 313.6 162.2
CarLogo51/nb/47 0.160 1.0 1.0 317.0 330.6
CarLogo51/nb/476 0.384 14.0 62.7 160.8 154.9
CarLogo51/nb/476 0.070 94.9 43.5 216.1 163.9
CarLogo51/nb/48 0.376 22.8 46.1 209.8 144.3
CarLogo51/nb/495 0.501 33.0 49.2 250.0 133.1
CarLogo51/nb/495 0.120 1.0 91.0 168.3 174.2
CarLogo51/nb/5 0.464 1.0 1.0 465.0 220.0
CarLogo51/nb/50 0.259 85.9 1.0 222.5 107.1
CarLogo51/nb/50 0.170 1.0 17.4 167.8 124.0
CarLogo51/nb/500 0.095 46.8 102.5 364.5 304.6
CarLogo51/nb/501 0.179 1.0 25.2 171.6 108.8
CarLogo51/nb/506 0.071 189.6 132.9 307.0 219.0
CarLogo51/nb/51 0.414 1.0 1.0 300.0 167.0
CarLogo51/nb/521 0.541 322.0 573.5 765.2 1038.4
CarLogo51/nb/522 0.164 11.3 24.7 143.2 111.0
CarLogo51/nb/53 0.356 158.3 120.9 1024.0 578.7
CarLogo51/nb/53 0.082 1.0 1.0 767.3 380.0
CarLogo51/nb/55 0.350 35.9 77.9 284.7 221.8
CarLogo51/nb/552 0.080 17.4 27.2 292.8 124.2
CarLogo51/nb/57 0.491 55.3 139.9 387.7 289.2
CarLogo51/nb/57 0.076 63.6 1.0 236.1 368.2
CarLogo51/nb/575 0.320 587.9 940.6 1129.0 1200.0
CarLogo51/nb/59 0.327 226.7 279.8 1002.2 804.0
CarLogo51/nb/59 0.144 279.7 171.5 985.3 471.0
CarLogo51/nb/6 0.363 15.7 60.0 500.0 220.0
CarLogo51/nb/610 0.069 12.2 21.9 148.7 90.3
CarLogo51/nb/67 0.549 169.4 16.7 472.0 271.0
CarLogo51/nb/67 0.071 1.0 1.0 277.1 252.0
CarLogo51/nb/68 0.715 43.5 32.5 98.2 81.4
CarLogo51/nb/68 0.295 1.0 12.6 125.0 94.7
CarLogo51/nb/7 0.360 218.4 97.8 835.6 422.5
CarLogo51/nb/70 0.682 325.0 77.0 702.9 769.0
CarLogo51/nb/70 0.508 47.1 201.5 775.8 479.2
CarLogo51/nb/70 0.058 44.9 433.4 685.1 692.3
CarLogo51/nb/72 0.450 68.9 1.0 283.3 110.2
CarLogo51/nb/78 0.900 39.6 33.0 165.0 122.4
CarLogo51/nb/8 0.372 1.0 246.9 826.0 584.9
CarLogo51/nb/80 0.633 31.4 4.9 206.1 130.6
CarLogo51/nb/81 0.793 54.3 8.5 197.1 79.6
CarLogo51/nb/82 0.536 1.0 49.0 480.0 300.0
CarLogo51/nb/82 0.061 24.7 1.0 422.5 147.5
CarLogo51/nb/84 0.780 304.6 267.9 587.4 507.2
CarLogo51/nb/84 0.604 135.7 49.9 371.1 285.4
CarLogo51/nb/84 0.345 1.0 1.0 337.1 502.3
CarLogo51/nb/84 0.156 169.0 37.2 547.5 590.0
CarLogo51/nb/84 0.093 73.9 1.0 282.8 173.5
CarLogo51/nb/84 0.080 352.2 322.7 505.6 447.1
CarLogo51/nb/85 0.666 22.4 101.6 223.5 218.0
CarLogo51/nb/85 0.256 98.0 25.8 300.0 240.2
CarLogo51/nb/86 0.723 1.0 50.6 180.0 149.0
CarLogo51/nb/86 0.055 1.0 1.3 180.0 89.7
CarLogo51/nb/9 0.490 37.4 99.6 237.2 216.5
CarLogo51/nb/9 0.146 116.0 48.5 284.9 300.0
CarLogo51/nb/9 0.104 1.0 71.2 273.0 133.5
CarLogo51/nb/91 0.524 62.4 93.3 382.4 337.0
CarLogo51/nb/99 0.549 1.0 28.4 431.1 271.6
CarLogo51/nb/99 0.073 33.6 1.0 492.0 110.5
CarLogo51/anta/103 0.113 369.1 182.6 454.0 233.4
CarLogo51/anta/158 0.100 397.9 108.9 478.9 175.1
CarLogo51/anta/175 0.163 473.1 819.4 683.8 956.0
CarLogo51/anta/185 0.268 316.0 1250.5 503.7 1400.5
CarLogo51/anta/235 0.069 409.3 222.7 462.0 251.6
CarLogo51/anta/235 0.056 346.8 206.6 395.7 260.8
CarLogo51/anta/252 0.059 357.0 301.7 406.8 356.0
CarLogo51/anta/30 0.097 136.3 160.4 220.3 252.9
CarLogo51/anta/322 0.078 557.4 426.1 646.8 505.8
CarLogo51/anta/322 0.055 417.6 462.4 489.7 512.5
CarLogo51/anta/328 0.057 664.5 227.1 756.1 328.8
CarLogo51/lining/107 0.067 436.4 130.2 700.0 746.2
CarLogo51/lining/129 0.062 914.5 369.1 1187.1 602.3
CarLogo51/lining/139 0.054 1571.1 1447.0 1836.0 1788.4
CarLogo51/lining/16 0.274 18.2 18.8 135.9 89.2
CarLogo51/lining/163 0.280 104.1 52.2 171.2 92.8
CarLogo51/lining/212 0.263 443.4 74.6 542.8 187.4
CarLogo51/lining/215 0.099 182.4 215.4 401.5 431.0
CarLogo51/lining/229 0.128 531.1 571.7 682.0 737.4
CarLogo51/lining/234 0.108 582.9 269.4 702.2 392.4
CarLogo51/lining/235 0.062 7.2 118.1 297.5 251.2
CarLogo51/lining/322 0.059 363.8 135.8 521.5 264.4
CarLogo51/lining/348 0.164 319.4 655.9 398.5 724.4
CarLogo51/lining/349 0.061 16.1 31.7 185.4 178.6
CarLogo51/lining/367 0.110 497.0 727.8 741.0 999.0
CarLogo51/pessi/135 0.067 1.0 37.1 270.6 158.4
CarLogo51/pessi/144 0.135 490.4 123.0 823.0 387.2
CarLogo51/pessi/145 0.060 1.0 41.6 404.7 581.5
CarLogo51/pessi/182 0.454 311.3 25.0 399.0 80.4
CarLogo51/pessi/193 0.108 547.7 141.0 920.8 432.4
CarLogo51/pessi/262 0.121 267.9 1124.9 440.3 1296.7
CarLogo51/pessi/276 0.063 1.0 1.0 180.0 108.6
CarLogo51/pessi/352 0.061 7.2 11.9 101.9 52.7
CarLogo51/pessi/356 0.110 213.6 373.2 367.2 491.7
CarLogo51/pessi/38 0.092 508.2 204.2 719.8 324.9
CarLogo51/pessi/384 0.066 35.3 15.7 308.8 121.9
CarLogo51/yili/102 0.099 2.0 89.9 47.1 142.9
CarLogo51/yili/123 0.176 171.7 1.0 550.0 138.9
CarLogo51/yili/123 0.117 49.1 256.5 134.0 333.2
CarLogo51/yili/137 0.105 83.1 242.8 155.9 298.2
CarLogo51/yili/144 0.301 84.4 11.2 133.2 66.4
CarLogo51/yili/144 0.207 441.9 164.0 484.1 206.4
CarLogo51/yili/144 0.126 503.5 181.5 538.6 213.7
CarLogo51/yili/144 0.101 162.0 41.7 205.4 95.6
CarLogo51/yili/163 0.062 329.4 150.1 385.6 192.5
CarLogo51/yili/167 0.120 546.9 246.3 685.9 457.7
CarLogo51/yili/195 0.108 354.1 163.5 419.8 216.1
CarLogo51/yili/2 0.120 23.0 359.4 99.6 417.8
CarLogo51/yili/2 0.106 725.4 359.1 801.7 426.6
CarLogo51/yili/2 0.071 145.8 394.0 214.6 434.4
CarLogo51/yili/2 0.067 901.5 445.6 1005.1 503.4
CarLogo51/yili/200 0.181 175.8 30.9 253.0 81.7
CarLogo51/yili/206 0.073 120.2 54.5 269.1 205.8
CarLogo51/yili/23 0.212 241.9 39.2 320.0 96.0
CarLogo51/yili/23 0.172 84.6 65.9 186.7 162.3
CarLogo51/yili/25 0.060 7.1 129.6 594.0 484.0
CarLogo51/yili/259 0.076 553.2 906.4 848.6 1059.4
CarLogo51/yili/260 0.340 546.7 145.8 596.1 193.0
CarLogo51/yili/267 0.060 439.9 105.7 504.9 158.0
CarLogo51/yili/35 0.085 587.2 211.6 632.3 254.1
CarLogo51/yili/54 0.074 329.8 221.5 424.5 286.6
CarLogo51/yili/69 0.057 108.3 18.6 178.7 78.4
CarLogo51/yili/72 0.210 48.8 124.5 412.3 349.7
CarLogo51/yili/72 0.106 68.9 224.7 228.0 383.0
CarLogo51/yili/72 0.053 146.8 284.9 326.5 383.0
CarLogo51/yili/84 0.082 853.1 71.0 941.9 166.1
CarLogo51/uniquo/203 0.076 580.1 6.4 669.9 110.6
CarLogo51/uniquo/296 0.105 1894.4 547.6 2167.4 748.9
CarLogo51/uniquo/318 0.059 370.9 240.5 446.6 277.2
CarLogo51/uniquo/409 0.063 51.1 33.4 159.3 166.4
CarLogo51/coca/185 0.283 94.4 173.9 236.1 282.7
CarLogo51/coca/209 0.058 144.4 62.7 185.2 110.1
CarLogo51/coca/215 0.134 540.8 44.0 1028.2 894.4
CarLogo51/coca/226 0.102 1.0 623.1 232.3 779.0
CarLogo51/coca/305 0.062 1.0 1.0 216.3 266.3
CarLogo51/coca/307 0.052 270.3 255.0 476.8 448.2
CarLogo51/coca/317 0.051 1233.7 776.9 2238.5 1336.2
CarLogo51/coca/323 0.056 302.1 123.6 741.6 572.7
CarLogo51/coca/367 0.054 1.0 353.4 709.5 1462.6
CarLogo51/coca/39 0.071 34.7 250.2 764.5 624.8
CarLogo51/coca/417 0.078 225.3 17.5 284.1 81.1
CarLogo51/Haier/239 0.088 178.0 1.0 1279.9 781.2
CarLogo51/Haier/34 0.065 544.1 169.8 775.1 282.1
CarLogo51/Haier/70 0.140 270.3 25.0 527.8 345.2
CarLogo51/Huawei/133 0.051 993.6 159.7 2278.2 1322.9
CarLogo51/Huawei/18 0.990 83.6 120.8 198.6 251.9
CarLogo51/Huawei/206 1.000 344.5 107.5 533.0 360.2
CarLogo51/Huawei/208 0.123 300.6 303.5 378.8 349.0
CarLogo51/Huawei/223 1.000 57.8 39.0 270.0 286.0
CarLogo51/Huawei/223 0.163 1.0 28.4 606.2 323.1
CarLogo51/Huawei/242 0.086 39.5 66.2 356.9 329.7
CarLogo51/Huawei/249 0.594 291.5 679.6 587.8 853.1
CarLogo51/Huawei/249 0.055 659.2 134.6 836.9 290.1
CarLogo51/Huawei/261 0.094 787.3 604.7 1629.0 1979.0
CarLogo51/Huawei/261 0.069 1122.6 645.5 1803.6 1195.9
CarLogo51/Huawei/307 0.138 1485.4 606.9 1868.5 811.0
CarLogo51/Huawei/319 0.077 170.5 58.0 282.4 170.3
CarLogo51/Huawei/321 0.999 226.9 1.0 360.2 214.0
CarLogo51/Huawei/85 0.071 378.0 365.1 580.0 531.5
CarLogo51/Apple/105 0.999 22.1 41.4 235.5 243.0
CarLogo51/Apple/105 0.050 100.8 24.0 213.9 152.0
CarLogo51/Apple/107 0.998 3.2 38.1 240.7 256.0
CarLogo51/Apple/107 0.338 88.6 1.0 216.3 165.0
CarLogo51/Apple/108 0.999 1.0 64.7 457.4 577.0
CarLogo51/Apple/109 0.996 300.6 113.4 617.0 478.8
CarLogo51/Apple/112 0.981 414.4 327.5 563.0 511.5
CarLogo51/Apple/112 0.217 422.3 416.8 530.3 488.9
CarLogo51/Apple/114 1.000 242.0 156.8 809.2 792.9
CarLogo51/Apple/115 0.999 55.0 63.1 450.4 504.9
CarLogo51/Apple/116 0.999 178.6 441.7 456.9 762.1
CarLogo51/Apple/116 0.477 218.2 482.2 462.0 573.8
CarLogo51/Apple/117 0.995 136.4 1.0 357.8 240.7
CarLogo51/Apple/118 0.996 430.9 268.2 610.7 484.3
CarLogo51/Apple/118 0.124 259.0 273.3 778.5 560.9
CarLogo51/Apple/119 1.000 144.4 271.4 328.8 495.3
CarLogo51/Apple/120 1.000 32.3 21.2 217.8 208.7
CarLogo51/Apple/120 0.999 234.8 21.5 413.3 206.3
CarLogo51/Apple/120 0.999 439.0 26.4 615.5 203.3
CarLogo51/Apple/120 0.999 41.0 225.9 207.6 412.0
CarLogo51/Apple/120 0.999 235.1 246.5 414.3 412.0
CarLogo51/Apple/120 0.999 455.6 228.4 614.1 392.9
CarLogo51/Apple/120 0.782 10.1 1.0 603.1 233.0
CarLogo51/Apple/120 0.756 1.0 205.6 579.8 412.0
CarLogo51/Apple/120 0.051 56.2 7.0 150.3 130.8
CarLogo51/Apple/121 0.860 113.8 607.8 339.9 788.5
CarLogo51/Apple/121 0.808 594.4 507.7 769.6 758.4
CarLogo51/Apple/121 0.610 416.4 81.3 564.4 277.0
CarLogo51/Apple/121 0.576 201.5 726.7 565.3 1024.0
CarLogo51/Apple/121 0.391 271.7 828.1 385.1 1020.2
CarLogo51/Apple/121 0.347 201.2 533.1 330.4 698.6
CarLogo51/Apple/121 0.316 503.3 411.6 886.4 828.5
CarLogo51/Apple/121 0.251 1.0 491.4 462.4 777.1
CarLogo51/Apple/121 0.166 843.3 52.8 1024.0 251.5
CarLogo51/Apple/121 0.141 6.9 237.6 600.0 1024.0
CarLogo51/Apple/121 0.133 93.2 423.0 316.0 611.3
CarLogo51/Apple/121 0.107 178.8 688.9 297.6 823.2
CarLogo51/Apple/121 0.095 585.6 642.3 857.6 947.2
CarLogo51/Apple/121 0.071 708.8 378.4 831.3 516.7
CarLogo51/Apple/121 0.070 620.9 843.4 735.8 1012.2
CarLogo51/Apple/121 0.058 652.5 664.6 787.8 824.7
CarLogo51/Apple/121 0.055 281.8 541.1 548.8 790.0
CarLogo51/Apple/123 0.924 75.6 375.0 722.0 968.3
CarLogo51/Apple/123 0.090 559.3 770.3 1024.0 1024.0
CarLogo51/Apple/125 0.996 450.8 287.0 754.6 838.6
CarLogo51/Apple/125 0.478 429.6 395.0 849.7 571.4
CarLogo51/Apple/125 0.051 592.4 355.9 722.7 483.3
CarLogo51/Apple/126 0.944 441.5 238.1 544.0 320.1
CarLogo51/Apple/126 0.058 460.7 280.2 553.4 353.4
CarLogo51/Apple/128 0.997 204.3 96.2 310.1 200.3
CarLogo51/Apple/129 1.000 350.1 313.8 722.0 690.8
CarLogo51/Apple/129 0.209 312.2 336.7 637.8 483.2
CarLogo51/Apple/129 0.093 399.9 486.4 623.6 640.0
CarLogo51/Apple/130 0.996 472.1 240.0 626.6 420.4
CarLogo51/Apple/130 0.988 829.7 254.9 987.9 408.9
CarLogo51/Apple/130 0.988 289.6 259.4 442.5 428.0
CarLogo51/Apple/130 0.979 664.6 252.7 803.1 432.0
CarLogo51/Apple/130 0.296 690.8 308.7 769.2 381.6
CarLogo51/Apple/130 0.130 880.7 317.3 969.0 398.0
CarLogo51/Apple/130 0.098 543.2 242.8 626.0 335.3
CarLogo51/Apple/131 0.997 220.0 378.7 403.1 576.0
CarLogo51/Apple/131 0.106 229.5 349.5 392.2 437.1
CarLogo51/Apple/133 0.977 231.9 367.2 375.1 552.7
CarLogo51/Apple/133 0.713 280.3 409.1 393.1 490.5
CarLogo51/Apple/134 1.000 84.8 155.8 229.0 356.0
CarLogo51/Apple/134 0.284 42.0 10.4 263.5 499.3
CarLogo51/Apple/137 0.998 756.6 846.2 2186.8 2228.9
CarLogo51/Apple/137 0.091 554.9 875.8 1810.4 1406.9
CarLogo51/Apple/138 0.996 78.5 132.9 129.8 211.3
CarLogo51/Apple/138 0.214 67.5 117.1 198.4 239.5
CarLogo51/Apple/139 0.999 163.0 359.5 666.1 874.6
CarLogo51/Apple/140 0.999 39.9 6.5 200.9 164.9
CarLogo51/Apple/142 0.972 651.9 438.4 775.5 544.1
CarLogo51/Apple/142 0.051 705.1 456.8 776.3 510.0
CarLogo51/Apple/143 0.991 49.1 1.0 124.6 129.0
CarLogo51/Apple/143 0.058 71.0 1.0 130.9 55.5
CarLogo51/Apple/145 0.975 85.1 38.1 113.6 69.2
CarLogo51/Apple/145 0.069 72.5 27.4 130.6 85.0
CarLogo51/Apple/146 0.964 478.8 148.7 594.5 263.8
CarLogo51/Apple/147 0.998 32.7 54.5 71.1 93.3
CarLogo51/Apple/150 0.944 294.2 163.8 356.9 224.7
CarLogo51/Apple/150 0.294 312.3 171.9 362.0 195.5
CarLogo51/Apple/153 1.000 90.7 209.2 210.5 344.0
CarLogo51/Apple/154 0.975 148.3 175.9 244.2 344.8
CarLogo51/Apple/154 0.357 28.2 151.2 297.5 274.2
CarLogo51/Apple/154 0.163 95.7 247.5 232.7 309.5
CarLogo51/Apple/154 0.067 86.8 202.7 219.5 272.7
CarLogo51/Apple/156 0.998 420.6 340.9 685.4 602.2
CarLogo51/Apple/156 0.117 422.9 427.8 599.8 543.4
CarLogo51/Apple/157 0.999 22.1 41.4 235.5 243.0
CarLogo51/Apple/157 0.050 100.8 24.0 213.9 152.0
CarLogo51/Apple/159 0.998 3.2 38.1 240.7 256.0
CarLogo51/Apple/159 0.338 88.6 1.0 216.3 165.0
CarLogo51/Apple/160 0.999 1.0 64.7 457.4 577.0
CarLogo51/Apple/161 0.996 300.6 113.4 617.0 478.8
CarLogo51/Apple/164 0.981 414.4 327.5 563.0 511.5
CarLogo51/Apple/164 0.217 422.3 416.8 530.3 488.9
CarLogo51/Apple/318 0.995 39.6 141.4 170.9 288.1
CarLogo51/Apple/319 0.999 245.3 34.4 642.1 543.3
CarLogo51/Apple/319 0.385 303.1 171.4 671.2 345.0
CarLogo51/Apple/320 0.997 1.0 94.9 397.5 499.0
CarLogo51/Apple/320 0.229 235.2 1.0 416.8 410.9
CarLogo51/Apple/320 0.171 345.0 64.7 434.0 493.2
CarLogo51/Apple/323 0.997 32.8 56.7 93.2 118.0
CarLogo51/Apple/325 0.974 156.4 114.1 252.6 225.7
CarLogo51/Apple/326 0.997 105.2 169.1 220.2 288.4
CarLogo51/Apple/326 0.058 137.6 212.4 191.0 268.7
CarLogo51/Apple/326 0.057 148.1 181.2 197.8 242.8
CarLogo51/Apple/327 0.995 1.0 59.7 434.0 432.8
CarLogo51/Apple/327 0.110 343.3 48.9 434.0 397.9
CarLogo51/Apple/328 1.000 261.0 90.5 486.0 346.6
CarLogo51/Apple/329 1.000 219.7 38.7 386.5 231.1
CarLogo51/Apple/329 0.999 433.1 25.9 600.0 211.6
CarLogo51/Apple/329 0.999 3.6 51.5 154.6 206.9
CarLogo51/Apple/329 0.585 101.1 1.0 600.0 211.1
CarLogo51/Apple/331 0.986 414.8 761.6 704.3 1059.8
CarLogo51/Apple/333 1.000 95.1 192.5 213.4 312.1
CarLogo51/Apple/333 0.167 114.7 212.6 206.2 253.8
CarLogo51/Apple/334 1.000 152.0 104.0 564.0 787.9
CarLogo51/Apple/334 0.765 67.7 228.0 546.1 448.4
CarLogo51/Apple/334 0.238 119.1 487.3 510.8 722.4
CarLogo51/Apple/335 0.422 822.1 326.4 1064.4 533.1
CarLogo51/Apple/336 0.999 84.4 152.8 275.8 357.9
CarLogo51/Apple/340 0.999 1.0 1.0 512.0 512.0
CarLogo51/Apple/340 0.338 49.5 115.8 220.5 490.2
CarLogo51/Apple/340 0.150 178.2 150.0 387.7 475.8
CarLogo51/Apple/342 0.999 161.1 162.0 400.1 390.7
CarLogo51/Apple/342 0.081 211.5 235.3 315.3 370.3
CarLogo51/Apple/343 0.356 306.7 90.1 358.0 150.8
CarLogo51/Apple/344 1.000 82.1 140.2 223.1 311.5
CarLogo51/Apple/345 0.999 210.7 337.6 458.1 617.5
CarLogo51/Apple/346 0.978 287.5 114.0 365.7 206.4
CarLogo51/Apple/346 0.066 305.5 153.1 397.9 234.7
CarLogo51/Apple/348 0.996 246.4 57.5 718.7 875.9
CarLogo51/Apple/348 0.259 313.3 382.2 828.6 633.4
CarLogo51/Apple/348 0.102 143.0 548.9 911.6 849.0
CarLogo51/Apple/349 1.000 71.0 54.9 212.5 210.6
CarLogo51/Apple/350 1.000 726.6 670.3 2385.7 2440.1
CarLogo51/Apple/351 0.999 210.6 227.5 592.8 627.5
CarLogo51/Apple/353 1.000 48.8 71.2 252.9 365.9
CarLogo51/Apple/354 0.999 48.2 69.0 142.0 162.4
CarLogo51/Apple/355 0.983 123.5 198.3 188.5 267.8
CarLogo51/Apple/355 0.118 95.5 171.0 227.0 297.1
CarLogo51/Apple/355 0.088 110.2 240.7 208.3 287.8
CarLogo51/Apple/355 0.082 149.4 234.8 185.6 275.2
CarLogo51/Apple/356 0.999 74.8 47.0 189.3 150.6
CarLogo51/Apple/356 0.789 16.0 14.8 260.0 184.5
CarLogo51/Apple/356 0.515 70.8 128.0 189.0 191.9
CarLogo51/Apple/356 0.351 1.0 37.5 236.5 93.2
CarLogo51/Apple/356 0.126 139.5 63.6 213.0 137.7
CarLogo51/Apple/356 0.053 92.5 44.3 158.2 97.2
CarLogo51/Apple/358 0.998 138.0 90.2 241.2 205.7
CarLogo51/Apple/362 0.999 253.7 30.9 433.9 229.5
CarLogo51/Apple/362 0.999 29.0 44.0 192.8 217.2
CarLogo51/Apple/362 0.997 465.2 32.8 639.6 230.3
CarLogo51/Apple/362 0.421 1.0 1.0 660.6 200.2
CarLogo51/Apple/363 0.983 272.5 419.5 388.5 539.8
CarLogo51/Apple/364 1.000 125.1 125.9 528.5 759.8
CarLogo51/Apple/364 0.105 8.4 304.8 567.6 513.9
CarLogo51/Apple/367 1.000 68.3 97.6 247.1 305.6
CarLogo51/Apple/367 0.115 133.3 127.9 215.0 255.6
CarLogo51/Apple/369 0.996 114.0 33.9 267.1 177.8
CarLogo51/Apple/371 0.999 149.0 111.6 558.4 560.5
CarLogo51/Apple/371 0.425 1.0 82.9 1080.0 701.5
CarLogo51/Apple/372 0.996 239.2 115.0 317.0 202.1
CarLogo51/Apple/373 1.000 177.1 48.9 477.8 396.6
CarLogo51/Apple/374 1.000 729.8 200.3 1171.4 635.7
CarLogo51/Apple/375 0.986 447.6 200.3 587.7 334.1
CarLogo51/Apple/375 0.118 395.8 144.7 711.3 384.7
CarLogo51/Apple/376 1.000 130.9 90.9 345.0 343.7
CarLogo51/Apple/376 0.223 60.8 44.4 738.0 369.6
CarLogo51/Apple/378 0.999 93.2 167.5 233.1 307.5
CarLogo51/Apple/383 0.992 265.1 82.9 362.9 180.8
CarLogo51/Apple/383 0.077 276.8 118.7 328.4 164.0
CarLogo51/Apple/384 0.999 63.2 19.5 199.9 175.2
CarLogo51/Apple/384 0.998 308.5 9.3 490.0 200.8
CarLogo51/Apple/384 0.210 1.0 1.0 362.1 212.0
CarLogo51/Apple/386 1.000 87.3 47.8 490.0 530.6
CarLogo51/Apple/386 0.252 119.3 1.0 486.9 205.8
CarLogo51/Apple/387 0.996 29.0 67.5 147.3 180.3
CarLogo51/Apple/387 0.062 77.4 35.7 168.5 300.0
CarLogo51/Apple/388 0.999 108.2 324.3 259.0 472.7
CarLogo51/Apple/390 0.999 116.5 199.6 205.8 285.1
CarLogo51/Apple/390 0.280 137.8 235.1 180.4 280.5
CarLogo51/Apple/391 0.999 102.8 79.7 259.0 260.7
CarLogo51/Apple/393 0.999 213.5 388.0 376.1 571.5
CarLogo51/Apple/393 0.202 269.9 448.2 344.9 538.7
CarLogo51/Apple/395 1.000 154.8 337.9 437.3 649.1
CarLogo51/Apple/395 1.000 24.9 724.3 278.3 991.5
CarLogo51/Apple/395 1.000 151.2 15.0 420.8 317.3
CarLogo51/Apple/395 0.244 216.2 799.1 531.6 919.5
CarLogo51/Apple/395 0.068 387.1 452.7 520.0 580.2
CarLogo51/Apple/397 0.999 211.0 36.1 461.6 297.0
CarLogo51/Apple/398 1.000 85.2 103.5 246.5 283.4
CarLogo51/Apple/398 0.116 65.5 289.5 131.4 360.6
CarLogo51/Apple/399 1.000 127.3 258.4 552.4 731.1
CarLogo51/Apple/399 0.718 1.0 198.1 109.6 319.3
CarLogo51/Apple/399 0.055 581.0 765.2 700.0 881.8
CarLogo51/Apple/401 0.980 64.6 197.7 294.1 451.3
CarLogo51/Apple/404 0.963 861.7 760.4 1190.2 1158.0
CarLogo51/Apple/406 1.000 132.4 28.4 407.8 306.9
CarLogo51/Apple/406 0.206 206.4 1.0 354.7 165.1
CarLogo51/Apple/416 0.999 221.9 214.9 389.6 401.0
CarLogo51/Apple/418 0.994 739.2 36.3 928.9 274.7
CarLogo51/Apple/418 0.993 786.5 545.2 984.5 743.8
CarLogo51/Apple/418 0.992 767.1 301.3 982.6 527.8
CarLogo51/Apple/418 0.982 169.2 306.6 348.9 506.4
CarLogo51/Apple/418 0.980 70.3 54.1 346.5 324.2
CarLogo51/Apple/418 0.980 180.1 569.8 383.9 792.2
CarLogo51/Apple/418 0.978 427.4 620.1 608.7 824.4
CarLogo51/Apple/418 0.976 309.9 98.8 563.9 366.3
CarLogo51/Apple/418 0.976 369.0 395.1 565.6 574.5
CarLogo51/Apple/418 0.933 589.4 516.0 764.5 709.6
CarLogo51/Apple/418 0.918 474.6 34.1 652.7 226.6
CarLogo51/Apple/418 0.751 571.4 272.4 730.3 452.0
CarLogo51/Apple/418 0.327 1.0 1.0 994.0 315.4
CarLogo51/Apple/418 0.233 124.9 283.2 420.3 802.3
CarLogo51/Apple/418 0.180 457.6 481.5 566.8 596.1
CarLogo51/Apple/418 0.164 308.0 1.0 683.2 839.0
CarLogo51/Apple/418 0.131 663.5 1.0 994.0 839.0
CarLogo51/Apple/419 0.993 399.6 355.3 611.3 593.5
CarLogo51/Apple/421 0.999 36.1 20.6 242.8 233.0
CarLogo51/Apple/421 0.059 41.7 27.2 195.5 110.9
CarLogo51/Apple/422 0.997 217.1 387.2 438.4 621.5
CarLogo51/Apple/422 0.109 267.0 483.0 401.0 598.2
CarLogo51/Apple/424 0.987 136.7 88.2 208.9 183.2
CarLogo51/Apple/424 0.972 13.0 95.6 89.8 189.0
CarLogo51/Apple/424 0.844 129.6 243.3 204.0 314.0
CarLogo51/Apple/424 0.777 1.0 234.1 89.4 314.0
CarLogo51/Apple/424 0.704 485.1 277.3 548.8 314.0
CarLogo51/Apple/424 0.285 499.1 3.0 554.6 57.3
CarLogo51/Apple/424 0.276 327.2 1.0 370.3 38.2
CarLogo51/Apple/424 0.205 144.8 120.7 187.9 164.8
CarLogo51/Apple/424 0.181 327.5 281.7 371.2 314.0
CarLogo51/Apple/424 0.093 25.4 106.2 67.3 151.6
CarLogo51/Apple/424 0.060 332.7 137.1 368.2 163.7
CarLogo51/Apple/424 0.054 316.1 13.4 366.0 67.1
CarLogo51/Apple/425 0.997 818.0 412.3 1085.1 703.5
CarLogo51/Apple/426 0.187 149.0 81.3 610.8 461.7
CarLogo51/Apple/428 0.996 272.2 117.3 366.8 217.2
CarLogo51/Apple/428 0.211 284.6 90.1 458.1 242.5
CarLogo51/Apple/429 0.999 1.0 17.4 376.0 392.6
CarLogo51/Apple/429 0.835 160.7 1.0 286.2 356.6
CarLogo51/Apple/429 0.266 152.1 5.5 246.6 141.1
CarLogo51/Apple/429 0.090 36.0 151.1 239.9 351.8
CarLogo51/Apple/430 1.000 1.0 181.4 785.1 1077.3
CarLogo51/Apple/430 0.266 6.3 316.9 743.6 594.6
CarLogo51/Apple/431 1.000 147.1 37.3 230.9 138.8
CarLogo51/Apple/431 0.998 226.3 39.1 300.0 128.1
CarLogo51/Apple/431 0.998 72.7 42.6 155.1 133.8
CarLogo51/Apple/431 0.217 70.5 3.7 300.0 125.8
CarLogo51/Apple/432 0.997 237.1 183.7 372.3 353.8
CarLogo51/Apple/432 0.101 96.2 135.0 406.7 491.3
CarLogo51/Apple/433 0.999 345.2 315.3 618.1 597.5
CarLogo51/Apple/433 0.381 406.6 394.8 766.4 735.5
CarLogo51/Apple/434 0.997 322.6 319.7 701.6 703.0
CarLogo51/Apple/434 0.061 451.1 524.6 620.0 713.0
CarLogo51/Apple/435 0.982 566.8 85.7 680.0 185.7
CarLogo51/Apple/435 0.980 388.8 82.4 480.5 184.9
CarLogo51/Apple/435 0.972 204.9 93.2 311.5 178.7
CarLogo51/Apple/435 0.956 109.0 83.2 204.0 172.1
CarLogo51/Apple/435 0.920 480.5 85.0 571.6 161.3
CarLogo51/Apple/435 0.871 297.4 74.8 381.9 184.6
CarLogo51/Apple/435 0.280 317.2 113.7 366.5 167.1
CarLogo51/Apple/435 0.126 406.3 114.1 455.2 156.4
CarLogo51/Apple/435 0.114 506.6 117.9 555.7 167.6
CarLogo51/Apple/435 0.081 237.0 78.0 287.8 133.3
CarLogo51/Apple/435 0.058 165.9 39.5 402.8 194.2
CarLogo51/Apple/435 0.051 603.9 103.2 653.4 163.5
CarLogo51/Apple/437 1.000 57.0 127.7 283.0 369.7
CarLogo51/Apple/437 0.135 46.7 337.8 320.0 480.0
CarLogo51/Apple/441 0.996 63.6 16.7 122.4 93.7
CarLogo51/Apple/441 0.995 125.7 13.5 184.5 91.5
CarLogo51/Apple/441 0.994 185.3 9.3 254.7 85.7
CarLogo51/Apple/441 0.977 241.2 3.8 320.0 86.4
CarLogo51/Apple/441 0.766 54.8 1.0 219.7 75.1
CarLogo51/Apple/441 0.052 103.5 9.6 320.0 110.0
CarLogo51/Apple/443 0.997 2.8 111.6 71.9 187.6
CarLogo51/Apple/443 0.997 9.4 12.7 71.8 83.6
CarLogo51/Apple/448 1.000 382.1 126.8 634.9 380.0
CarLogo51/Apple/448 0.101 420.6 264.1 570.6 360.3
CarLogo51/Apple/449 0.998 399.6 389.1 631.8 632.6
CarLogo51/Apple/449 0.082 468.9 413.3 600.0 540.6
CarLogo51/Apple/450 0.994 821.9 445.7 1151.4 711.9
CarLogo51/Apple/453 1.000 226.8 95.1 483.8 363.4
CarLogo51/Apple/453 0.680 529.9 333.6 573.8 369.6
CarLogo51/Apple/453 0.492 530.7 362.2 580.6 399.7
CarLogo51/Apple/454 1.000 238.3 405.7 486.1 680.5
CarLogo51/Apple/454 0.184 216.3 296.2 552.7 1019.1
CarLogo51/Apple/455 0.999 1.0 40.7 362.4 358.4
CarLogo51/Apple/455 0.998 322.1 74.9 640.0 375.0
CarLogo51/Apple/455 0.145 344.2 48.6 640.0 174.0
CarLogo51/Apple/455 0.080 462.0 9.7 567.2 149.5
CarLogo51/Apple/456 0.999 52.2 2.5 366.6 293.5
CarLogo51/Apple/456 0.077 55.2 129.5 240.6 357.0
CarLogo51/Apple/458 1.000 136.8 27.2 419.6 321.0
CarLogo51/Apple/458 0.106 226.0 1.0 394.8 160.6
CarLogo51/Apple/458 0.057 253.4 101.8 381.1 275.8
CarLogo51/Apple/459 0.990 275.7 96.1 369.0 192.3
CarLogo51/Apple/459 0.275 248.8 29.0 402.0 256.6
CarLogo51/Apple/460 0.999 49.5 41.2 278.4 310.8
CarLogo51/Apple/461 0.999 20.9 37.3 238.1 243.0
CarLogo51/Apple/462 1.000 244.0 88.6 427.3 307.2
CarLogo51/Apple/463 1.000 1.0 1.0 195.9 233.4
CarLogo51/Apple/463 0.154 294.1 15.3 500.0 268.8
CarLogo51/Apple/467 0.998 579.4 23.4 670.1 122.8
CarLogo51/Apple/467 0.998 308.8 8.6 401.1 121.5
CarLogo51/Apple/467 0.987 118.1 1.0 273.1 118.9
CarLogo51/Apple/467 0.980 439.2 34.6 532.7 137.0
CarLogo51/Apple/467 0.257 241.6 1.0 534.7 125.4
CarLogo51/Apple/467 0.148 438.1 35.6 504.8 78.6
CarLogo51/Apple/467 0.129 164.2 24.3 242.0 88.0
CarLogo51/Apple/467 0.128 412.2 1.0 690.0 143.7
CarLogo51/Apple/467 0.072 480.7 20.7 532.8 68.9
CarLogo51/Apple/468 0.998 212.4 351.8 430.4 589.3
CarLogo51/Apple/471 0.998 106.8 205.4 226.0 336.6
CarLogo51/Apple/471 0.450 99.4 176.9 287.4 480.0
CarLogo51/Apple/472 0.938 130.0 204.8 219.0 297.3
CarLogo51/Apple/475 1.000 86.4 1.0 228.7 161.2
CarLogo51/Apple/477 0.992 292.4 194.9 466.8 388.4
CarLogo51/Apple/477 0.991 450.7 530.6 585.0 656.5
CarLogo51/Apple/477 0.984 170.2 521.3 317.7 688.6
CarLogo51/Apple/477 0.140 226.7 190.0 623.8 479.9
CarLogo51/Apple/479 0.991 100.9 156.9 232.0 292.8
CarLogo51/Apple/479 0.149 93.7 242.9 224.7 377.3
CarLogo51/Apple/480 1.000 190.2 204.9 545.0 574.5
CarLogo51/Apple/481 0.996 282.8 229.5 622.9 587.2
CarLogo51/Apple/482 0.999 928.6 166.0 1138.9 352.7
CarLogo51/Apple/482 0.429 602.5 114.7 862.4 329.6
CarLogo51/Apple/482 0.064 891.4 1.0 1167.0 532.0
CarLogo51/Apple/483 0.991 1.0 43.2 444.7 493.0
CarLogo51/Apple/484 0.988 202.3 83.1 329.5 205.2
CarLogo51/Apple/485 0.999 66.4 215.2 265.5 412.3
CarLogo51/Apple/485 0.999 75.9 1.0 275.7 179.9
CarLogo51/Apple/485 0.996 394.4 221.1 587.6 415.6
CarLogo51/Apple/485 0.994 395.3 1.0 587.3 175.5
CarLogo51/Apple/485 0.993 66.9 427.6 263.1 632.0
CarLogo51/Apple/485 0.985 384.9 427.4 594.3 632.0
CarLogo51/Apple/485 0.377 1.0 1.0 635.8 214.9
CarLogo51/Apple/485 0.079 111.6 73.9 207.9 193.6
CarLogo51/Apple/485 0.060 446.4 309.5 553.6 411.8
CarLogo51/Apple/486 0.998 116.6 37.7 375.7 311.1
CarLogo51/Apple/488 0.999 186.1 1.0 257.3 123.0
CarLogo51/Apple/488 0.997 268.9 1.0 360.0 101.2
CarLogo51/Apple/488 0.997 76.5 10.4 166.8 119.7
CarLogo51/Apple/488 0.534 1.0 1.0 360.0 123.0
CarLogo51/Apple/489 1.000 1.0 1.0 188.5 223.4
CarLogo51/Apple/489 0.991 448.2 1.0 650.0 253.8
CarLogo51/Apple/489 0.985 1.0 215.6 230.7 383.0
CarLogo51/Apple/489 0.974 200.4 4.6 393.6 204.1
CarLogo51/Apple/489 0.609 499.3 65.3 621.8 186.2
CarLogo51/Apple/489 0.051 13.3 20.0 125.3 110.3
CarLogo51/Apple/490 0.966 125.2 301.9 202.1 378.3
CarLogo51/Apple/491 0.998 98.1 169.4 237.2 297.4
CarLogo51/Apple/492 0.961 123.4 195.3 200.0 284.5
CarLogo51/Apple/492 0.143 138.6 217.9 179.3 264.8
CarLogo51/Apple/492 0.141 85.7 194.3 248.4 347.1
CarLogo51/Apple/493 0.992 170.6 311.8 484.4 635.8
CarLogo51/Apple/493 0.053 220.2 475.0 429.8 566.1
CarLogo51/Apple/494 0.996 91.1 163.2 239.1 314.2
CarLogo51/Apple/494 0.157 1.0 126.7 320.0 369.9
CarLogo51/Apple/495 0.995 100.6 106.5 162.2 181.8
CarLogo51/Apple/495 0.169 65.8 76.1 179.2 217.2
CarLogo51/Apple/496 0.981 101.7 136.0 229.0 263.2
CarLogo51/Apple/497 0.996 106.3 148.4 187.8 266.0
CarLogo51/Apple/497 0.052 41.8 179.2 259.5 301.2
CarLogo51/Apple/500 1.000 47.4 128.3 260.5 348.6
CarLogo51/Apple/500 0.154 220.9 246.8 291.4 298.9
CarLogo51/Apple/500 0.113 114.5 200.9 285.4 480.0
CarLogo51/Apple/501 1.000 213.0 358.9 472.9 619.7
CarLogo51/Apple/502 1.000 210.1 354.3 469.7 618.5
CarLogo51/Apple/503 0.999 61.2 109.3 248.0 305.1
CarLogo51/Apple/505 0.999 102.6 48.1 313.6 326.5
CarLogo51/Apple/506 1.000 240.3 39.5 476.5 328.7
CarLogo51/Apple/507 1.000 364.3 20.9 623.0 309.0
CarLogo51/Apple/507 0.999 93.5 57.6 351.8 331.1
CarLogo51/Apple/507 0.976 98.3 60.4 717.4 461.6
CarLogo51/Apple/507 0.082 240.3 71.4 462.3 343.0
CarLogo51/Apple/511 1.000 215.0 380.5 468.5 590.6
CarLogo51/Apple/511 0.054 224.8 368.7 386.7 462.0
CarLogo51/Apple/515 0.997 278.6 169.0 367.8 260.0
CarLogo51/Apple/515 0.300 175.6 1.0 483.0 352.5
CarLogo51/Apple/515 0.063 260.2 105.7 424.0 290.9
CarLogo51/Apple/518 0.901 304.2 161.3 359.3 227.6
CarLogo51/Apple/518 0.428 268.2 147.7 403.3 243.1
CarLogo51/Apple/519 0.846 306.5 121.3 377.2 204.3
CarLogo51/Apple/519 0.176 311.1 152.3 363.1 179.0
CarLogo51/Apple/521 0.998 236.1 49.4 396.9 215.3
CarLogo51/Apple/521 0.196 272.1 79.4 365.7 156.0
CarLogo51/Apple/526 1.000 80.8 151.5 234.4 316.6
CarLogo51/Apple/526 0.203 1.0 92.7 320.0 371.5
CarLogo51/Apple/528 0.997 83.1 143.7 247.0 334.1
CarLogo51/Apple/534 0.995 90.9 164.0 219.4 301.4
CarLogo51/Apple/536 0.759 1039.6 276.2 1467.2 749.2
CarLogo51/Apple/538 0.999 94.4 178.4 200.5 296.6
CarLogo51/Apple/538 0.150 112.5 151.9 232.6 473.4
CarLogo51/Apple/538 0.116 138.9 217.2 227.1 276.6
CarLogo51/Apple/539 0.966 934.9 475.5 1195.1 731.2
CarLogo51/Apple/539 0.372 1004.4 822.4 1182.3 1061.7
CarLogo51/Apple/540 0.999 208.0 228.8 591.0 629.5
CarLogo51/Apple/543 1.000 145.5 182.0 407.8 436.6
CarLogo51/Apple/543 0.999 375.8 173.4 595.7 416.9
CarLogo51/Apple/543 0.545 1.0 162.3 750.0 544.8
CarLogo51/Apple/544 0.998 219.4 20.8 427.2 242.1
CarLogo51/Apple/546 1.000 239.5 73.8 396.4 234.0
CarLogo51/Apple/546 0.125 127.5 26.5 444.8 326.6
CarLogo51/Apple/546 0.067 397.5 16.9 458.7 80.2
CarLogo51/Apple/547 0.996 86.5 56.1 500.0 488.1
CarLogo51/Apple/547 0.342 203.1 125.5 424.9 328.3
CarLogo51/Apple/551 0.995 200.9 58.1 351.0 196.4
CarLogo51/Apple/551 0.305 1.0 1.0 450.0 242.6
CarLogo51/Apple/551 0.151 204.0 161.7 342.1 211.3
CarLogo51/Apple/551 0.118 219.5 29.3 326.2 116.6
CarLogo51/Apple/551 0.062 8.2 1.0 135.5 157.5
CarLogo51/Apple/552 0.988 442.5 218.8 603.2 394.3
CarLogo51/Apple/552 0.596 477.3 295.7 569.4 382.9
CarLogo51/Apple/553 0.999 228.7 126.1 429.8 333.7
CarLogo51/Apple/554 0.999 81.2 38.3 406.6 354.4
CarLogo51/Apple/554 0.060 232.8 1.0 330.4 263.4
CarLogo51/Apple/555 0.998 260.0 64.7 471.8 294.2
CarLogo51/Apple/555 0.066 126.4 78.2 532.9 480.0
CarLogo51/Apple/557 0.995 274.9 178.5 542.3 454.1
CarLogo51/Apple/557 0.176 336.9 143.8 452.4 359.1
CarLogo51/Apple/561 1.000 310.8 1.0 749.8 857.2
CarLogo51/Apple/561 0.617 167.1 226.8 849.6 519.6
CarLogo51/Apple/561 0.302 231.6 519.5 878.2 810.4
CarLogo51/Apple/561 0.096 1.0 296.7 1081.0 1081.0
CarLogo51/Apple/562 0.998 638.2 29.3 888.5 329.3
CarLogo51/Apple/562 0.998 146.1 44.0 398.0 318.0
CarLogo51/Apple/562 0.997 75.5 348.4 350.9 649.2
CarLogo51/Apple/562 0.994 640.6 711.6 884.3 1000.7
CarLogo51/Apple/562 0.993 625.9 355.2 904.4 630.1
CarLogo51/Apple/562 0.992 91.4 695.4 407.6 1013.9
CarLogo51/Apple/562 0.292 1.0 1.0 992.0 269.7
CarLogo51/Apple/562 0.114 1.0 1.0 382.1 1023.8
CarLogo51/Apple/562 0.060 667.5 508.9 840.6 679.6
CarLogo51/Apple/562 0.054 196.3 814.2 344.2 979.1
CarLogo51/Apple/563 0.999 439.9 169.8 808.7 585.5
CarLogo51/Apple/563 0.262 625.7 236.3 1001.8 629.4
CarLogo51/Apple/563 0.062 561.5 392.9 851.8 730.2
CarLogo51/Apple/564 0.982 288.0 64.5 542.9 450.0
CarLogo51/Apple/564 0.076 374.5 60.2 482.0 173.2
CarLogo51/Apple/565 0.996 90.7 169.4 223.1 301.4
CarLogo51/Apple/565 0.091 97.8 158.7 286.3 454.8
CarLogo51/Apple/566 0.996 88.3 163.8 229.5 311.3
CarLogo51/Apple/566 0.062 1.0 165.7 253.1 470.6
CarLogo51/Apple/567 1.000 1.0 82.6 285.0 338.4
CarLogo51/Apple/567 0.887 130.0 41.4 214.7 339.5
CarLogo51/Apple/567 0.086 181.7 117.7 238.5 359.4
CarLogo51/Apple/567 0.082 45.1 113.1 267.4 202.2
CarLogo51/Apple/567 0.051 212.2 108.1 285.0 272.5
CarLogo51/Apple/568 0.984 428.1 272.7 568.4 426.1
CarLogo51/Apple/568 0.081 457.9 325.0 544.1 371.5
CarLogo51/Apple/568 0.052 298.4 263.8 592.7 545.6
CarLogo51/Apple/570 0.990 83.1 82.3 150.8 156.0
CarLogo51/Apple/570 0.059 1.0 53.8 191.3 180.1
CarLogo51/Apple/574 0.760 436.5 330.3 551.4 423.3
CarLogo51/Apple/574 0.142 478.0 365.2 601.0 469.5
CarLogo51/Apple/575 0.804 387.6 296.6 536.5 457.3
CarLogo51/Apple/576 0.873 407.8 267.2 570.9 424.4
CarLogo51/Apple/576 0.156 324.2 224.2 615.6 520.9
CarLogo51/Apple/576 0.066 439.3 328.7 533.2 388.4
CarLogo51/Apple/577 0.978 125.9 38.9 204.9 116.8
CarLogo51/Apple/578 0.995 153.2 83.8 364.4 306.6
CarLogo51/Apple/578 0.234 1.0 1.0 307.6 281.9
CarLogo51/Apple/578 0.070 77.2 37.5 490.8 179.9
CarLogo51/Apple/579 0.975 34.9 58.6 98.9 125.1
CarLogo51/Apple/580 0.992 161.8 142.9 256.8 240.3
CarLogo51/Apple/584 0.995 421.5 142.9 579.8 367.4
CarLogo51/Apple/585 1.000 105.3 163.2 216.5 317.0
CarLogo51/Apple/587 1.000 85.5 78.0 201.5 189.7
CarLogo51/Apple/588 0.998 93.5 1.0 184.9 163.9
CarLogo51/Apple/588 0.244 68.7 97.0 199.5 195.0
CarLogo51/Apple/588 0.072 1.0 12.0 260.0 195.0
CarLogo51/Apple/588 0.057 129.8 35.3 207.3 124.8
CarLogo51/Apple/588 0.055 77.1 9.6 177.4 64.5
CarLogo51/Apple/589 0.977 376.0 375.9 636.5 664.6
CarLogo51/Apple/591 1.000 383.0 164.6 641.4 447.9
CarLogo51/Apple/591 0.096 449.1 186.2 594.7 306.3
CarLogo51/Apple/592 0.999 69.2 144.3 289.8 374.4
CarLogo51/Apple/592 0.334 16.8 64.7 172.6 462.7
CarLogo51/Apple/592 0.054 201.0 8.8 320.0 415.7
CarLogo51/Apple/595 0.998 56.4 241.9 174.3 375.0
CarLogo51/Apple/595 0.989 56.0 1.0 164.4 170.9
CarLogo51/Apple/595 0.535 72.4 73.4 219.0 139.8
CarLogo51/Apple/595 0.053 84.3 312.3 201.3 396.6
CarLogo51/Apple/596 0.999 167.3 14.8 515.6 408.9
CarLogo51/Apple/596 0.056 155.3 290.5 673.9 451.0
CarLogo51/Apple/598 0.954 267.0 156.6 340.0 211.1
CarLogo51/Apple/601 0.275 192.4 104.3 218.5 139.4
CarLogo51/Apple/605 0.972 272.5 1.0 372.1 94.0
CarLogo51/Apple/605 0.971 32.5 1.0 120.0 85.3
CarLogo51/Apple/605 0.971 508.2 1.0 596.2 87.4
CarLogo51/Apple/607 0.998 218.1 225.4 411.1 418.8
CarLogo51/Apple/607 0.998 428.6 14.4 629.2 245.0
CarLogo51/Apple/607 0.997 32.5 246.2 207.3 435.1
CarLogo51/Apple/607 0.997 18.6 25.5 203.7 211.4
CarLogo51/Apple/607 0.997 457.0 236.8 644.2 438.1
CarLogo51/Apple/607 0.996 222.5 14.0 403.8 212.8
CarLogo51/Apple/607 0.729 1.0 270.7 650.0 450.0
CarLogo51/Apple/607 0.614 1.0 1.0 650.0 263.4
CarLogo51/Apple/608 0.993 27.4 343.6 146.6 478.6
CarLogo51/Apple/608 0.526 25.9 350.7 433.8 492.9
CarLogo51/Apple/608 0.051 266.5 364.8 394.5 477.4
CarLogo51/Apple/609 1.000 144.5 198.2 269.5 370.3
CarLogo51/Apple/611 1.000 348.2 208.5 690.5 592.8
CarLogo51/Apple/613 1.000 684.4 221.9 1257.9 850.3
CarLogo51/Apple/613 0.063 1032.5 298.3 1828.8 839.8
CarLogo51/Apple/614 0.957 93.0 182.3 154.1 247.6
CarLogo51/Apple/616 0.950 124.3 301.2 203.0 377.3
CarLogo51/Apple/616 0.190 149.4 329.5 224.3 400.5
CarLogo51/Apple/617 0.977 61.2 101.7 202.9 352.1
CarLogo51/Apple/617 0.539 1.0 186.8 320.0 403.6
CarLogo51/Apple/617 0.217 1.0 154.7 146.7 304.8
CarLogo51/Apple/617 0.132 117.9 161.0 226.8 212.2
CarLogo51/Apple/617 0.092 122.5 248.2 211.8 349.3
CarLogo51/Apple/617 0.089 194.7 179.7 320.0 331.9
CarLogo51/Apple/620 0.997 39.9 97.7 240.0 325.4
CarLogo51/Apple/620 0.472 90.1 95.3 200.3 206.8
CarLogo51/Apple/621 1.000 121.6 195.8 202.6 277.7
CarLogo51/Apple/622 0.997 394.5 454.8 558.9 620.7
CarLogo51/Apple/625 0.968 177.2 221.2 222.7 278.3
CarLogo51/Apple/625 0.084 87.9 139.4 149.6 189.7
CarLogo51/Apple/625 0.054 167.2 87.5 280.0 181.6
CarLogo51/Apple/628 0.980 393.0 355.8 615.4 588.9
CarLogo51/Apple/630 0.999 125.9 198.6 202.8 276.0
CarLogo51/Apple/630 0.065 146.0 231.6 189.2 294.9
CarLogo51/Apple/632 0.956 78.7 68.6 225.3 253.2
CarLogo51/Apple/632 0.080 93.6 219.0 183.0 269.2
CarLogo51/Lenovo/214 0.976 43.4 63.1 160.1 183.6
CarLogo51/Lenovo/227 0.098 188.2 58.5 436.4 188.3
CarLogo51/Lenovo/246 0.114 1.0 105.2 59.5 198.2
CarLogo51/Lenovo/270 0.057 303.9 19.9 365.4 81.9
CarLogo51/Lenovo/310 0.105 145.2 116.1 301.9 248.6
CarLogo51/Lenovo/331 0.054 15.2 1.0 156.1 112.0
CarLogo51/Lenovo/62 0.964 364.0 269.7 472.1 410.2
CarLogo51/Lenovo/62 0.057 401.6 306.9 471.5 366.7
CarLogo51/McDonalds/105 0.137 353.3 217.0 418.4 291.9
CarLogo51/McDonalds/165 0.055 287.2 26.1 381.0 102.9
CarLogo51/McDonalds/166 0.143 421.9 296.7 562.6 384.9
CarLogo51/McDonalds/198 0.073 418.7 241.7 517.9 326.0
CarLogo51/McDonalds/198 0.055 23.7 716.2 110.6 801.7
CarLogo51/McDonalds/22 0.132 363.1 249.1 690.0 422.8
CarLogo51/McDonalds/222 0.240 433.6 482.1 556.6 564.2
CarLogo51/McDonalds/229 0.911 46.4 167.3 103.8 237.8
CarLogo51/McDonalds/242 0.056 498.2 141.1 542.2 177.1
CarLogo51/McDonalds/246 0.084 106.1 17.6 150.0 98.1
CarLogo51/McDonalds/29 0.073 67.4 479.8 175.2 557.2
CarLogo51/McDonalds/45 0.103 1.0 64.5 229.9 391.0
CarLogo51/McDonalds/47 0.060 220.1 209.7 268.1 268.3
CarLogo51/McDonalds/74 0.132 363.1 249.1 690.0 422.8
CarLogo51/McDonalds/81 0.073 67.4 479.8 175.2 557.2
CarLogo51/McDonalds/97 0.103 1.0 64.5 229.9 391.0
CarLogo51/McDonalds/99 0.060 220.1 209.7 268.1 268.3
CarLogo51/Amazon/150 0.056 197.6 490.1 357.8 637.6
CarLogo51/Amazon/258 0.053 296.5 448.1 357.5 489.4
CarLogo51/Amazon/264 0.053 296.5 448.1 357.5 489.4
CarLogo51/Amazon/272 0.059 9.4 56.2 288.8 158.2
CarLogo51/Amazon/355 0.291 94.7 1.0 334.5 114.2
CarLogo51/Amazon/413 0.099 312.8 60.8 500.0 157.2
CarLogo51/Amazon/44 0.056 197.6 490.1 357.8 637.6
CarLogo51/Amazon/644 0.240 7.1 1.0 504.0 125.4
CarLogo51/Amazon/654 0.240 7.1 1.0 504.0 125.4
CarLogo51/Amazon/97 0.056 197.6 490.1 357.8 637.6
