CarLogo51/Acura/2290 0.086 419.1 160.5 516.2 237.4
CarLogo51/Acura/7347 0.079 421.1 162.0 517.8 239.4
CarLogo51/Bugatti/4996 0.057 440.1 305.1 524.2 385.0
CarLogo51/nike/tf_nike_185 0.314 491.8 132.1 597.0 194.1
CarLogo51/adidas/tf_adidas_181 0.085 300.6 559.9 449.9 678.1
CarLogo51/adidas/tf_adidas_51 0.063 534.5 313.8 700.0 448.2
CarLogo51/adidas/tf_adidas_86 0.120 307.8 161.1 357.4 208.1
CarLogo51/anta/139 0.051 767.3 493.5 814.3 527.9
CarLogo51/lining/296 0.323 185.5 171.3 211.0 193.4
CarLogo51/lining/296 0.158 188.6 182.6 215.9 202.6
CarLogo51/yili/196 0.054 292.6 384.5 360.3 448.4
CarLogo51/yili/35 0.069 627.7 157.8 664.0 198.5
CarLogo51/uniquo/347 0.063 344.2 381.2 382.2 420.0
CarLogo51/uniquo/38 0.064 380.7 212.2 407.6 230.2
CarLogo51/coca/225 0.082 818.9 480.3 956.1 588.7
CarLogo51/coca/225 0.056 636.7 250.8 769.2 361.3
CarLogo51/Haier/201 0.050 382.2 128.0 451.2 189.0
CarLogo51/Haier/211 1.000 71.8 27.3 241.5 163.8
CarLogo51/Haier/261 0.999 338.7 19.4 490.9 135.1
CarLogo51/Huawei/0 0.999 64.5 29.7 197.7 135.9
CarLogo51/Huawei/1 1.000 61.3 50.0 265.1 200.0
CarLogo51/Huawei/10 0.998 332.7 1.0 909.2 403.2
CarLogo51/Huawei/100 0.807 973.6 876.5 1043.8 919.9
CarLogo51/Huawei/100 0.296 962.6 904.9 1024.1 946.6
CarLogo51/Huawei/101 0.999 71.1 28.0 884.9 623.8
CarLogo51/Huawei/103 0.998 72.7 178.0 432.6 504.7
CarLogo51/Huawei/103 0.840 946.6 818.1 1024.6 890.1
CarLogo51/Huawei/103 0.722 856.0 216.0 1248.9 492.4
CarLogo51/Huawei/105 1.000 325.6 198.3 736.0 547.5
CarLogo51/Huawei/106 1.000 268.9 63.2 523.2 256.6
CarLogo51/Huawei/108 1.000 21.0 103.7 145.9 196.1
CarLogo51/Huawei/109 0.999 50.2 79.5 152.3 159.4
CarLogo51/Huawei/110 0.999 45.8 88.0 133.2 207.1
CarLogo51/Huawei/111 1.000 331.0 249.2 687.8 536.7
CarLogo51/Huawei/112 0.998 246.4 154.1 572.8 422.0
CarLogo51/Huawei/113 0.999 5.0 80.9 75.8 136.8
CarLogo51/Huawei/114 1.000 93.7 27.3 254.7 152.8
CarLogo51/Huawei/116 1.000 36.1 21.3 261.5 190.9
CarLogo51/Huawei/117 1.000 122.5 15.1 289.9 147.5
CarLogo51/Huawei/118 1.000 27.2 10.6 288.4 208.4
CarLogo51/Huawei/119 0.999 98.9 88.3 237.1 203.5
CarLogo51/Huawei/12 0.996 191.3 145.0 432.6 280.3
CarLogo51/Huawei/12 0.119 480.2 371.7 529.4 408.6
CarLogo51/Huawei/120 0.999 562.0 575.1 1795.3 1402.5
CarLogo51/Huawei/121 0.999 176.3 244.9 273.1 336.6
CarLogo51/Huawei/121 0.053 140.4 28.0 286.9 168.0
CarLogo51/Huawei/122 1.000 15.0 63.4 103.5 132.2
CarLogo51/Huawei/123 1.000 321.2 129.2 732.1 437.2
CarLogo51/Huawei/123 0.954 32.1 23.2 115.1 69.8
CarLogo51/Huawei/123 0.267 47.1 46.8 110.6 93.2
CarLogo51/Huawei/123 0.091 38.1 1.0 132.6 128.5
CarLogo51/Huawei/123 0.053 4.9 6.7 65.5 67.6
CarLogo51/Huawei/124 1.000 148.8 5.8 563.6 326.3
CarLogo51/Huawei/125 1.000 13.7 41.8 632.0 500.6
CarLogo51/Huawei/125 0.059 69.4 1.0 288.9 437.2
CarLogo51/Huawei/126 0.998 1.0 234.1 274.8 462.6
CarLogo51/Huawei/127 0.998 208.5 166.3 392.1 332.4
CarLogo51/Huawei/128 1.000 249.0 1.0 466.0 180.6
CarLogo51/Huawei/13 1.000 163.1 61.2 417.5 249.4
CarLogo51/Huawei/132 0.991 237.6 138.7 427.8 299.4
CarLogo51/Huawei/133 0.916 1.0 138.6 857.1 804.6
CarLogo51/Huawei/133 0.076 1599.2 1.0 2479.6 780.5
CarLogo51/Huawei/133 0.073 401.7 831.9 566.9 932.3
CarLogo51/Huawei/135 1.000 12.3 47.5 639.0 476.1
CarLogo51/Huawei/136 1.000 204.7 169.4 805.9 589.2
CarLogo51/Huawei/136 0.667 896.9 735.2 959.0 807.3
CarLogo51/Huawei/137 0.998 72.0 81.3 242.6 210.5
CarLogo51/Huawei/14 0.999 20.6 7.7 86.1 58.5
CarLogo51/Huawei/140 1.000 66.6 22.1 451.9 322.6
CarLogo51/Huawei/141 1.000 96.4 85.1 382.5 319.9
CarLogo51/Huawei/144 0.998 177.9 37.1 636.0 258.1
CarLogo51/Huawei/144 0.073 273.6 55.1 439.0 221.7
CarLogo51/Huawei/145 0.999 18.2 17.8 199.0 163.5
CarLogo51/Huawei/146 0.999 63.6 48.4 200.1 151.4
CarLogo51/Huawei/147 1.000 366.3 3.2 570.7 164.0
CarLogo51/Huawei/148 1.000 48.5 36.1 486.7 333.7
CarLogo51/Huawei/149 1.000 54.2 184.6 244.7 317.1
CarLogo51/Huawei/15 1.000 103.9 82.3 399.9 337.5
CarLogo51/Huawei/150 1.000 1.0 179.6 636.3 668.5
CarLogo51/Huawei/151 1.000 93.7 89.4 319.1 261.8
CarLogo51/Huawei/152 0.999 363.0 139.6 879.8 565.7
CarLogo51/Huawei/153 1.000 47.3 70.6 185.8 177.8
CarLogo51/Huawei/156 1.000 125.2 21.6 307.9 158.6
CarLogo51/Huawei/157 0.999 279.7 100.1 606.1 389.2
CarLogo51/Huawei/16 0.999 149.9 218.9 371.3 389.1
CarLogo51/Huawei/16 0.998 636.8 220.3 833.0 393.6
CarLogo51/Huawei/160 0.999 456.6 420.9 1116.0 890.1
CarLogo51/Huawei/164 0.992 17.4 28.6 127.8 113.0
CarLogo51/Huawei/169 1.000 201.7 63.6 680.6 414.7
CarLogo51/Huawei/17 0.999 79.4 714.1 424.7 981.6
CarLogo51/Huawei/17 0.997 463.1 716.4 877.1 1002.7
CarLogo51/Huawei/177 0.999 247.0 179.1 366.8 271.8
CarLogo51/Huawei/18 0.974 293.2 121.3 425.9 239.4
CarLogo51/Huawei/18 0.067 328.8 177.3 396.5 221.3
CarLogo51/Huawei/180 1.000 146.7 144.8 343.0 295.9
CarLogo51/Huawei/181 1.000 229.9 145.6 422.2 284.4
CarLogo51/Huawei/189 0.997 42.6 83.7 197.5 338.4
CarLogo51/Huawei/19 1.000 40.6 120.2 289.3 300.6
CarLogo51/Huawei/19 0.141 1.0 60.3 532.5 254.7
CarLogo51/Huawei/191 1.000 353.4 229.7 883.1 597.2
CarLogo51/Huawei/193 1.000 94.0 45.2 407.8 234.1
CarLogo51/Huawei/194 0.987 1.0 25.3 62.3 65.2
CarLogo51/Huawei/195 1.000 56.0 1.0 264.5 165.9
CarLogo51/Huawei/196 0.997 521.6 266.8 683.6 428.4
CarLogo51/Huawei/196 0.922 904.5 18.4 972.5 65.2
CarLogo51/Huawei/196 0.074 896.4 42.8 957.9 83.0
CarLogo51/Huawei/197 1.000 56.3 52.4 217.2 182.6
CarLogo51/Huawei/199 0.998 245.4 263.0 724.2 652.3
CarLogo51/Huawei/199 0.250 1.0 120.2 779.2 945.9
CarLogo51/Huawei/2 1.000 18.5 32.6 278.2 226.2
CarLogo51/Huawei/2 0.372 217.3 1.0 575.0 265.2
CarLogo51/Huawei/20 0.990 195.3 310.8 362.2 525.6
CarLogo51/Huawei/20 0.139 514.7 318.4 793.4 574.7
CarLogo51/Huawei/200 1.000 315.1 36.7 578.6 226.9
CarLogo51/Huawei/201 0.999 158.7 56.3 360.9 198.8
CarLogo51/Huawei/202 1.000 1.0 1.0 1080.0 620.6
CarLogo51/Huawei/203 0.999 799.9 383.0 1165.1 643.6
CarLogo51/Huawei/203 0.943 907.6 812.5 979.4 873.9
CarLogo51/Huawei/203 0.193 916.4 852.4 973.4 894.1
CarLogo51/Huawei/204 0.993 168.6 62.6 276.6 167.2
CarLogo51/Huawei/204 0.295 133.0 69.8 390.6 206.6
CarLogo51/Huawei/205 0.999 269.3 165.6 541.8 392.1
CarLogo51/Huawei/205 0.098 322.2 249.4 600.7 517.9
CarLogo51/Huawei/206 0.999 77.5 206.0 258.2 358.9
CarLogo51/Huawei/207 0.999 119.3 58.8 234.7 154.8
CarLogo51/Huawei/207 0.063 6.3 33.1 300.4 160.5
CarLogo51/Huawei/208 1.000 317.7 1.0 591.6 225.5
CarLogo51/Huawei/209 1.000 106.6 122.7 405.6 362.1
CarLogo51/Huawei/210 1.000 316.5 34.4 530.1 195.6
CarLogo51/Huawei/212 0.999 468.5 222.8 766.9 465.4
CarLogo51/Huawei/213 0.998 172.9 90.2 346.2 251.5
CarLogo51/Huawei/213 0.736 748.6 58.0 842.9 121.5
CarLogo51/Huawei/215 0.997 101.9 321.1 239.9 400.0
CarLogo51/Huawei/216 0.998 43.6 4.8 485.5 339.1
CarLogo51/Huawei/217 0.998 100.4 103.1 176.3 175.6
CarLogo51/Huawei/218 1.000 61.6 15.9 233.9 152.8
CarLogo51/Huawei/22 1.000 7.8 74.0 186.1 196.8
CarLogo51/Huawei/220 0.999 11.0 19.7 98.2 84.4
CarLogo51/Huawei/221 0.997 83.4 84.8 273.2 197.8
CarLogo51/Huawei/222 1.000 186.2 90.3 324.7 197.5
CarLogo51/Huawei/223 1.000 364.0 71.1 599.5 250.9
CarLogo51/Huawei/226 0.999 50.7 81.8 435.0 230.0
CarLogo51/Huawei/226 0.052 187.5 1.0 351.6 205.7
CarLogo51/Huawei/227 1.000 34.9 277.5 266.1 460.9
CarLogo51/Huawei/229 1.000 1.0 6.6 252.3 212.0
CarLogo51/Huawei/23 0.765 373.9 219.7 437.1 277.2
CarLogo51/Huawei/230 1.000 78.3 123.8 272.1 264.7
CarLogo51/Huawei/233 0.888 18.1 83.8 55.4 112.9
CarLogo51/Huawei/237 0.972 1.0 472.2 1080.0 810.0
CarLogo51/Huawei/237 0.747 241.3 357.2 726.1 705.3
CarLogo51/Huawei/239 0.916 3.9 71.5 433.9 316.9
CarLogo51/Huawei/240 0.069 280.5 216.5 427.2 348.0
CarLogo51/Huawei/241 0.998 804.8 366.4 1200.0 686.2
CarLogo51/Huawei/241 0.965 409.1 372.8 805.0 719.4
CarLogo51/Huawei/241 0.936 917.7 818.6 986.7 888.8
CarLogo51/Huawei/242 0.674 912.7 999.3 980.8 1055.0
CarLogo51/Huawei/242 0.375 311.3 411.8 955.2 885.1
CarLogo51/Huawei/242 0.239 943.0 989.9 994.0 1034.7
CarLogo51/Huawei/243 0.999 133.1 170.1 364.6 345.6
CarLogo51/Huawei/244 0.999 125.8 19.0 247.3 110.3
CarLogo51/Huawei/245 0.997 1.0 1.0 247.7 413.1
CarLogo51/Huawei/246 0.998 1.0 126.6 110.1 236.8
CarLogo51/Huawei/248 1.000 213.0 136.8 996.0 573.5
CarLogo51/Huawei/249 0.987 316.1 315.0 514.4 532.8
CarLogo51/Huawei/250 0.999 281.7 103.7 562.5 298.7
CarLogo51/Huawei/254 0.993 364.7 246.0 671.5 545.2
CarLogo51/Huawei/255 0.230 1.0 1.0 600.0 504.3
CarLogo51/Huawei/256 1.000 320.1 38.4 557.3 211.5
CarLogo51/Huawei/257 1.000 1.7 65.6 136.8 176.3
CarLogo51/Huawei/260 1.000 253.9 275.4 781.8 662.6
CarLogo51/Huawei/264 0.956 23.1 84.8 70.2 121.6
CarLogo51/Huawei/264 0.111 50.3 88.4 74.4 112.3
CarLogo51/Huawei/265 0.945 57.1 116.5 132.5 179.4
CarLogo51/Huawei/265 0.673 82.0 140.3 122.0 174.1
CarLogo51/Huawei/266 0.999 69.0 100.4 234.4 189.7
CarLogo51/Huawei/268 0.978 969.4 206.1 1588.1 658.3
CarLogo51/Huawei/268 0.967 137.0 219.9 802.7 683.2
CarLogo51/Huawei/268 0.912 1625.0 43.1 2268.6 603.2
CarLogo51/Huawei/268 0.057 639.9 148.1 1725.2 381.4
CarLogo51/Huawei/269 1.000 141.3 56.9 583.3 291.7
CarLogo51/Huawei/270 0.973 1.0 963.0 2535.1 2808.6
CarLogo51/Huawei/270 0.781 3401.4 471.8 3617.4 640.2
CarLogo51/Huawei/270 0.624 3451.9 526.4 3682.3 737.1
CarLogo51/Huawei/270 0.058 1128.8 484.7 4156.8 2384.9
CarLogo51/Huawei/271 1.000 130.8 47.4 487.9 299.6
CarLogo51/Huawei/272 1.000 234.6 1.0 500.0 196.2
CarLogo51/Huawei/276 1.000 129.7 1.0 313.7 142.7
CarLogo51/Huawei/277 1.000 30.4 14.0 216.9 154.1
CarLogo51/Huawei/278 1.000 69.0 51.7 409.3 302.0
CarLogo51/Huawei/279 0.986 210.8 154.0 271.7 206.6
CarLogo51/Huawei/282 1.000 85.8 115.9 435.3 378.1
CarLogo51/Huawei/285 1.000 176.8 571.7 497.9 827.0
CarLogo51/Huawei/286 0.999 203.2 43.4 423.8 178.6
CarLogo51/Huawei/287 1.000 147.1 23.9 331.8 158.4
CarLogo51/Huawei/288 1.000 1.0 151.4 522.6 547.7
CarLogo51/Huawei/289 0.999 290.6 105.4 822.2 373.9
CarLogo51/Huawei/289 0.054 459.9 1.0 708.0 307.8
CarLogo51/Huawei/291 1.000 39.2 31.7 131.1 106.5
CarLogo51/Huawei/293 1.000 136.7 79.4 561.2 315.6
CarLogo51/Huawei/294 0.998 74.3 20.4 220.0 152.5
CarLogo51/Huawei/294 0.995 40.1 362.4 157.8 468.7
CarLogo51/Huawei/298 1.000 274.0 35.7 761.8 484.9
CarLogo51/Huawei/299 0.780 898.8 822.2 962.1 870.8
CarLogo51/Huawei/299 0.462 924.4 844.6 974.3 892.6
CarLogo51/Huawei/3 0.999 258.8 126.0 742.2 456.4
CarLogo51/Huawei/3 0.998 92.2 737.7 393.8 934.6
CarLogo51/Huawei/303 0.996 39.8 53.4 229.7 255.8
CarLogo51/Huawei/303 0.258 14.0 177.4 221.4 298.8
CarLogo51/Huawei/303 0.080 1.0 94.5 469.0 332.0
CarLogo51/Huawei/304 1.000 17.9 27.3 294.1 262.9
CarLogo51/Huawei/305 1.000 126.6 35.6 283.9 155.8
CarLogo51/Huawei/307 1.000 145.6 130.3 714.9 601.8
CarLogo51/Huawei/307 0.078 117.4 382.8 594.0 556.0
CarLogo51/Huawei/308 1.000 165.2 21.3 308.7 143.6
CarLogo51/Huawei/309 0.956 658.8 472.8 798.2 552.7
CarLogo51/Huawei/310 1.000 125.2 21.6 307.9 158.6
CarLogo51/Huawei/313 1.000 69.3 1.1 464.1 271.2
CarLogo51/Huawei/314 1.000 28.3 20.4 158.7 120.3
CarLogo51/Huawei/315 1.000 37.8 46.6 347.0 269.4
CarLogo51/Huawei/318 0.999 76.4 34.0 198.1 140.4
CarLogo51/Huawei/318 0.055 28.1 11.0 211.9 250.0
CarLogo51/Huawei/319 0.999 34.0 33.9 153.5 129.9
CarLogo51/Huawei/320 1.000 20.7 5.4 135.9 100.4
CarLogo51/Huawei/321 1.000 397.9 34.8 548.6 155.1
CarLogo51/Huawei/322 1.000 178.0 57.2 466.0 268.6
CarLogo51/Huawei/33 1.000 213.9 31.6 475.3 235.7
CarLogo51/Huawei/33 0.121 132.4 1.0 693.5 341.9
CarLogo51/Huawei/34 0.084 179.6 211.2 490.3 424.6
CarLogo51/Huawei/35 1.000 248.9 39.5 620.3 302.3
CarLogo51/Huawei/36 0.998 68.8 128.5 271.7 289.7
CarLogo51/Huawei/37 1.000 7.8 45.4 152.7 159.7
CarLogo51/Huawei/38 0.998 1.0 1.0 392.3 296.2
CarLogo51/Huawei/4 1.000 131.3 43.3 284.8 164.4
CarLogo51/Huawei/40 0.997 153.6 235.5 320.8 370.4
CarLogo51/Huawei/41 0.999 32.5 49.1 253.9 232.0
CarLogo51/Huawei/41 0.050 171.9 1.0 278.8 207.9
CarLogo51/Huawei/43 1.000 1.0 1.0 236.1 187.0
CarLogo51/Huawei/44 0.963 49.8 306.9 90.7 340.9
CarLogo51/Huawei/44 0.957 366.2 306.3 431.3 348.2
CarLogo51/Huawei/44 0.952 491.5 25.0 556.9 55.2
CarLogo51/Huawei/44 0.951 220.1 8.0 265.4 64.4
CarLogo51/Huawei/44 0.887 476.0 102.4 512.9 135.9
CarLogo51/Huawei/44 0.864 479.3 152.4 511.5 183.4
CarLogo51/Huawei/44 0.832 436.3 184.7 473.2 219.5
CarLogo51/Huawei/44 0.642 512.4 6.4 552.4 41.9
CarLogo51/Huawei/44 0.458 445.1 167.3 482.2 202.3
CarLogo51/Huawei/44 0.375 218.7 22.8 244.4 47.5
CarLogo51/Huawei/44 0.211 372.5 323.8 408.9 358.9
CarLogo51/Huawei/44 0.190 50.5 297.8 78.5 322.8
CarLogo51/Huawei/44 0.120 234.2 36.6 260.8 61.6
CarLogo51/Huawei/44 0.075 469.3 120.5 513.2 155.4
CarLogo51/Huawei/45 0.988 197.7 35.6 272.8 99.3
CarLogo51/Huawei/47 0.999 402.6 33.4 650.9 222.6
CarLogo51/Huawei/47 0.874 557.2 285.8 602.8 321.7
CarLogo51/Huawei/47 0.300 551.3 301.5 600.5 349.5
CarLogo51/Huawei/48 1.000 65.1 183.9 292.4 353.9
CarLogo51/Huawei/48 1.000 321.8 179.5 556.0 356.9
CarLogo51/Huawei/48 0.999 1.0 1.0 171.6 120.3
CarLogo51/Huawei/48 0.528 1.0 227.5 605.0 386.0
CarLogo51/Huawei/5 0.999 56.0 349.3 374.6 573.0
CarLogo51/Huawei/5 0.996 61.5 57.6 334.6 254.9
CarLogo51/Huawei/5 0.984 52.6 698.8 421.6 862.8
CarLogo51/Huawei/5 0.139 88.0 1.0 417.1 548.7
CarLogo51/Huawei/50 0.140 99.6 6.0 454.1 429.6
CarLogo51/Huawei/51 0.939 548.8 438.5 618.4 495.2
CarLogo51/Huawei/51 0.222 559.7 458.9 659.6 517.7
CarLogo51/Huawei/51 0.051 565.8 423.7 626.7 460.6
CarLogo51/Huawei/52 0.987 316.7 199.0 730.0 458.7
CarLogo51/Huawei/52 0.428 420.7 210.9 604.7 378.7
CarLogo51/Huawei/53 0.994 392.2 69.8 643.4 258.9
CarLogo51/Huawei/53 0.940 942.0 101.4 1024.0 268.8
CarLogo51/Huawei/53 0.421 1.0 122.8 126.9 247.2
CarLogo51/Huawei/56 0.999 105.4 77.5 276.1 237.1
CarLogo51/Huawei/57 0.998 432.7 301.9 768.4 562.4
CarLogo51/Huawei/57 0.929 903.3 805.9 970.6 871.4
CarLogo51/Huawei/57 0.468 924.6 850.9 992.0 896.0
CarLogo51/Huawei/6 0.387 178.5 16.2 544.2 338.2
CarLogo51/Huawei/61 0.997 43.6 143.6 137.1 238.1
CarLogo51/Huawei/62 0.682 898.4 815.9 960.2 860.3
CarLogo51/Huawei/62 0.140 902.3 844.8 1003.6 888.9
CarLogo51/Huawei/62 0.109 919.9 806.6 1044.4 862.8
CarLogo51/Huawei/64 1.000 40.9 35.7 334.0 279.2
CarLogo51/Huawei/65 0.999 63.1 122.0 467.1 450.6
CarLogo51/Huawei/66 1.000 130.2 18.3 300.2 148.9
CarLogo51/Huawei/67 1.000 141.7 159.9 789.9 664.6
CarLogo51/Huawei/68 1.000 77.9 53.3 503.5 387.2
CarLogo51/Huawei/7 0.996 498.5 778.4 758.3 1009.2
CarLogo51/Huawei/7 0.994 708.4 194.5 952.8 401.0
CarLogo51/Huawei/7 0.069 617.2 103.4 1084.3 499.2
CarLogo51/Huawei/70 1.000 313.3 1.0 647.0 254.1
CarLogo51/Huawei/71 1.000 172.0 63.8 377.6 221.1
CarLogo51/Huawei/72 1.000 187.2 1.0 788.8 403.3
CarLogo51/Huawei/73 1.000 217.7 177.0 814.2 692.0
CarLogo51/Huawei/74 0.799 1261.2 358.6 2288.9 1282.7
CarLogo51/Huawei/74 0.624 1534.3 2120.3 1672.3 2223.0
CarLogo51/Huawei/74 0.618 1460.5 2131.3 1714.4 2315.3
CarLogo51/Huawei/74 0.192 1672.0 329.4 1938.9 600.6
CarLogo51/Huawei/74 0.118 1518.0 2195.0 1641.2 2271.6
CarLogo51/Huawei/75 1.000 25.4 82.0 172.7 197.5
CarLogo51/Huawei/76 1.000 5.4 2.3 104.7 82.1
CarLogo51/Huawei/77 1.000 173.9 46.2 360.7 198.3
CarLogo51/Huawei/79 1.000 8.0 1.0 296.2 220.8
CarLogo51/Huawei/8 0.998 285.7 85.5 445.8 250.2
CarLogo51/Huawei/80 1.000 189.0 75.8 486.9 311.4
CarLogo51/Huawei/81 0.999 341.8 40.0 645.8 275.5
CarLogo51/Huawei/81 0.866 874.4 50.1 1024.0 245.7
CarLogo51/Huawei/81 0.817 1.0 56.3 159.1 247.1
CarLogo51/Huawei/82 0.997 1.0 105.0 116.2 201.8
CarLogo51/Huawei/83 1.000 28.3 108.4 222.6 268.6
CarLogo51/Huawei/84 0.997 158.1 327.0 333.1 466.4
CarLogo51/Huawei/85 0.999 180.4 32.9 404.9 206.5
CarLogo51/Huawei/86 1.000 36.0 41.6 220.7 183.3
CarLogo51/Huawei/87 0.999 222.8 65.2 426.1 213.1
CarLogo51/Huawei/88 1.000 169.3 134.0 433.1 336.7
CarLogo51/Huawei/89 0.998 102.4 101.3 261.2 210.5
CarLogo51/Huawei/9 0.999 294.9 90.9 781.3 440.1
CarLogo51/Huawei/9 0.125 391.6 1.0 677.2 269.3
CarLogo51/Huawei/90 0.197 113.7 66.0 576.1 424.4
CarLogo51/Huawei/91 0.999 18.9 32.4 160.0 111.5
CarLogo51/Huawei/92 0.997 59.3 101.5 236.3 204.1
CarLogo51/Huawei/92 0.062 98.0 143.8 189.1 217.6
CarLogo51/Huawei/93 0.999 202.3 225.5 707.1 582.5
CarLogo51/Huawei/94 0.999 349.1 51.9 459.0 153.5
CarLogo51/Huawei/94 0.236 114.1 149.8 157.4 184.4
CarLogo51/Huawei/95 1.000 103.2 278.1 484.1 578.2
CarLogo51/Huawei/96 1.000 46.4 46.7 259.3 220.8
CarLogo51/Huawei/99 1.000 577.7 197.6 1036.4 554.5
CarLogo51/Huawei/99 0.974 295.5 367.1 422.1 431.9
CarLogo51/Huawei/99 0.214 297.1 334.6 384.0 404.0
CarLogo51/Apple/500 0.088 252.5 248.3 281.0 275.2
CarLogo51/Lenovo/202 1.000 60.1 44.9 242.5 187.6
CarLogo51/Lenovo/209 1.000 1.0 1.0 221.2 165.7
CarLogo51/Lenovo/214 0.944 20.3 399.1 130.6 484.7
CarLogo51/Lenovo/258 1.000 1.0 1.0 216.3 170.7
CarLogo51/Lenovo/275 1.000 30.5 29.5 265.6 194.8
CarLogo51/Lenovo/294 1.000 87.9 121.8 325.0 296.2
CarLogo51/Lenovo/299 1.000 30.8 46.8 207.8 181.1
CarLogo51/Lenovo/301 1.000 72.5 73.9 240.3 203.1
CarLogo51/McDonalds/105 0.966 331.0 459.1 432.9 552.4
CarLogo51/McDonalds/105 0.052 211.6 456.3 359.9 535.9
CarLogo51/McDonalds/12 0.058 606.0 150.0 678.8 202.0
CarLogo51/McDonalds/164 0.063 333.4 385.9 414.2 461.1
CarLogo51/McDonalds/198 0.983 410.5 531.3 525.0 641.6
CarLogo51/McDonalds/265 0.050 374.0 265.2 447.3 336.8
CarLogo51/McDonalds/64 0.058 606.0 150.0 678.8 202.0
CarLogo51/Amazon/258 0.085 296.5 448.1 357.5 489.4
CarLogo51/Amazon/264 0.085 296.5 448.1 357.5 489.4
