CarLogo51/Acura/2094 0.053 1.0 1030.3 326.7 1165.0
CarLogo51/Acura/3845 0.258 484.7 453.2 828.0 620.8
CarLogo51/Acura/3845 0.242 1.0 455.0 496.8 619.4
CarLogo51/Acura/3845 0.103 60.1 599.8 568.9 719.6
CarLogo51/Acura/3845 0.102 532.1 584.0 828.0 720.4
CarLogo51/Acura/6918 0.162 276.6 347.0 373.6 416.7
CarLogo51/Alpha-Romeo/6678 0.053 76.5 325.0 161.3 404.0
CarLogo51/Alpha-Romeo/7455 0.120 71.5 54.0 310.3 454.9
CarLogo51/Alpha-Romeo/7607 0.053 55.5 99.1 271.9 538.3
CarLogo51/Alpha-Romeo/9580 0.086 6.7 1.7 37.6 25.1
CarLogo51/Aston-Martin/0778 0.061 1475.9 164.2 1579.7 286.6
CarLogo51/Aston-Martin/4467 0.077 749.0 87.2 794.0 138.6
CarLogo51/Aston-Martin/4796 0.069 1470.3 150.4 1565.7 257.3
CarLogo51/Audi/1954 0.184 1340.9 343.9 1449.9 446.0
CarLogo51/Audi/3644 0.257 116.3 227.6 233.8 282.9
CarLogo51/Audi/3984 0.059 192.5 258.3 657.0 377.4
CarLogo51/Audi/4066 0.115 246.1 159.4 385.7 214.0
CarLogo51/Audi/4066 0.096 168.8 157.8 308.4 214.0
CarLogo51/Audi/4789 0.185 596.1 191.2 782.4 282.4
CarLogo51/Audi/4971 0.061 285.9 106.5 3070.1 1442.8
CarLogo51/Audi/6319 0.055 1118.7 1438.5 3115.5 1993.7
CarLogo51/Audi/6892 0.310 73.2 231.8 280.0 319.1
CarLogo51/Audi/7912 0.057 803.6 1.0 931.3 135.1
CarLogo51/Audi/8121 0.053 702.9 275.5 779.8 319.0
CarLogo51/Audi/9352 0.119 226.7 23.0 286.4 87.7
CarLogo51/Audi/9352 0.095 419.9 180.4 496.9 283.1
CarLogo51/Bentley/0206 0.090 738.3 92.0 787.8 148.0
CarLogo51/Bentley/2245 0.072 1476.3 1132.2 2549.4 1435.5
CarLogo51/Bentley/2328 0.054 737.4 87.5 791.8 152.3
CarLogo51/Benz/0128 0.062 221.4 13.2 315.0 112.8
CarLogo51/Benz/0128 0.057 313.3 29.8 551.4 102.6
CarLogo51/Benz/0304 0.105 67.8 195.5 266.4 252.7
CarLogo51/Benz/0973 0.078 971.5 316.2 2146.0 611.9
CarLogo51/Benz/3750 0.052 37.4 357.7 370.0 478.8
CarLogo51/Benz/6762 0.065 1.0 533.4 635.6 701.6
CarLogo51/Benz/7412 0.111 1.0 347.9 414.3 483.1
CarLogo51/Benz/8223 0.189 1.0 349.6 566.0 459.3
CarLogo51/Benz/8359 0.054 415.4 114.1 456.1 154.2
CarLogo51/Benz/9155 0.101 1.0 139.8 189.1 184.3
CarLogo51/Benz/9346 0.353 1150.9 1394.0 1989.4 1779.8
CarLogo51/Benz/9346 0.249 1.0 1048.1 1526.1 1428.7
CarLogo51/Benz/9487 0.082 1457.8 166.6 1563.1 290.9
CarLogo51/BMW/2937 0.059 52.8 56.8 107.5 120.3
CarLogo51/BMW/3399 0.229 97.2 1028.2 1167.9 1277.4
CarLogo51/BMW/6901 0.054 40.1 341.6 75.8 374.0
CarLogo51/BMW/8138 0.059 472.2 550.1 885.4 661.0
CarLogo51/BMW/9885 0.118 417.0 629.4 558.2 764.9
CarLogo51/BMW/9885 0.076 426.1 676.7 764.2 825.7
CarLogo51/BMW/9885 0.064 635.7 707.5 745.8 843.8
CarLogo51/Buick/0575 0.059 303.2 210.6 359.9 264.5
CarLogo51/Buick/5116 0.103 1.7 204.6 314.3 297.3
CarLogo51/Buick/5318 0.055 339.7 510.8 448.1 585.7
CarLogo51/Buick/5411 0.175 182.0 245.7 623.6 388.6
CarLogo51/Buick/9060 0.068 20.7 660.9 711.9 768.0
CarLogo51/nike/tf_nike_39 0.091 230.4 113.8 306.0 196.4
CarLogo51/nike/tf_nike_60 0.065 12.9 126.4 580.0 237.4
CarLogo51/nike/tf_nike_70 0.060 558.9 490.5 629.1 547.9
CarLogo51/adidas/tf_adidas_112 0.411 40.2 363.2 303.9 453.0
CarLogo51/adidas/tf_adidas_113 0.051 54.9 222.0 253.9 281.8
CarLogo51/adidas/tf_adidas_118 0.078 15.9 168.1 80.4 213.6
CarLogo51/adidas/tf_adidas_133 0.050 181.2 370.7 320.0 391.0
CarLogo51/adidas/tf_adidas_17 0.078 1.0 469.7 410.2 628.5
CarLogo51/adidas/tf_adidas_190 0.059 264.2 81.7 750.0 309.5
CarLogo51/adidas/tf_adidas_193 0.076 100.7 433.8 466.0 536.4
CarLogo51/adidas/tf_adidas_20 0.061 210.1 281.5 708.0 436.5
CarLogo51/adidas/tf_adidas_206 0.127 58.2 173.7 239.7 234.7
CarLogo51/adidas/tf_adidas_210 0.059 220.1 31.9 575.8 370.8
CarLogo51/adidas/tf_adidas_217 0.153 361.6 172.1 710.3 333.4
CarLogo51/adidas/tf_adidas_25 0.087 315.3 292.7 738.0 403.7
CarLogo51/adidas/tf_adidas_42 0.126 1.0 291.1 187.8 502.6
CarLogo51/adidas/tf_adidas_42 0.120 1.0 455.7 566.4 639.5
CarLogo51/adidas/tf_adidas_42 0.084 36.1 309.3 753.4 489.7
CarLogo51/adidas/tf_adidas_46 0.130 96.8 184.4 239.4 234.9
CarLogo51/adidas/tf_adidas_53 0.648 177.6 116.9 500.3 230.2
CarLogo51/adidas/tf_adidas_61 0.075 357.6 159.5 439.3 212.0
CarLogo51/adidas/tf_adidas_66 0.071 243.7 657.5 581.8 778.9
CarLogo51/adidas/tf_adidas_71 0.056 87.8 197.8 153.2 270.2
CarLogo51/adidas/tf_adidas_78 0.069 90.5 367.4 434.3 490.9
CarLogo51/adidas/tf_adidas_79 0.084 45.4 246.4 332.6 348.4
CarLogo51/adidas/tf_adidas_87 0.052 1.0 306.0 730.9 445.0
CarLogo51/adidas/tf_adidas_92 0.053 431.1 321.2 660.8 445.0
CarLogo51/vans/107 0.062 847.6 498.2 1158.7 622.8
CarLogo51/vans/16 0.206 348.0 147.7 469.7 222.8
CarLogo51/vans/322 0.113 1.0 1.0 274.0 110.7
CarLogo51/vans/322 0.060 749.4 223.5 805.6 286.1
CarLogo51/vans/361 0.059 450.3 544.0 620.8 677.0
CarLogo51/vans/369 0.054 601.0 288.6 661.7 353.7
CarLogo51/vans/39 0.058 338.0 47.4 400.2 114.7
CarLogo51/vans/57 0.061 63.8 189.3 163.7 265.4
CarLogo51/vans/63 0.185 1830.7 939.9 5382.9 1960.7
CarLogo51/vans/93 0.112 348.7 152.5 442.6 216.6
CarLogo51/converse/tf_converse_111 0.178 67.7 31.8 611.3 216.9
CarLogo51/puma/11 0.089 400.7 388.4 769.2 527.1
CarLogo51/puma/238 0.053 372.9 132.2 408.2 157.7
CarLogo51/puma/412 0.109 341.4 372.4 475.6 419.9
CarLogo51/nb/117 0.080 240.6 193.6 512.0 296.2
CarLogo51/nb/18 0.228 280.2 157.1 693.9 279.1
CarLogo51/nb/183 0.162 297.2 221.9 540.0 297.1
CarLogo51/nb/22 0.212 290.7 477.7 640.0 606.7
CarLogo51/nb/282 0.140 632.6 246.0 960.0 350.7
CarLogo51/nb/287 0.238 179.9 180.0 500.0 250.0
CarLogo51/nb/287 0.055 1.0 172.1 200.6 234.2
CarLogo51/nb/29 0.076 1.0 616.4 926.7 776.0
CarLogo51/nb/3 0.149 149.1 171.6 512.0 268.2
CarLogo51/nb/46 0.067 1.0 177.8 300.2 226.1
CarLogo51/nb/48 0.060 129.2 134.1 250.0 181.1
CarLogo51/nb/50 0.054 82.0 88.0 209.8 124.0
CarLogo51/nb/53 0.064 470.2 417.0 1006.1 547.7
CarLogo51/nb/6 0.238 179.9 180.0 500.0 250.0
CarLogo51/nb/6 0.055 1.0 172.1 200.6 234.2
CarLogo51/nb/7 0.319 458.9 305.3 874.4 438.9
CarLogo51/nb/80 0.113 132.8 84.8 244.0 121.3
CarLogo51/nb/86 0.131 72.3 116.0 180.0 166.1
CarLogo51/nb/99 0.099 172.5 192.8 492.0 296.7
CarLogo51/anta/103 0.053 359.0 15.8 451.0 58.0
CarLogo51/anta/105 0.290 217.2 56.4 395.0 132.0
CarLogo51/anta/111 0.068 8.3 264.5 50.9 293.6
CarLogo51/anta/159 0.173 327.7 9.2 411.6 74.3
CarLogo51/lining/122 0.197 344.9 222.8 488.6 326.9
CarLogo51/lining/122 0.097 38.8 223.5 121.0 303.8
CarLogo51/lining/122 0.079 890.3 481.4 945.2 532.6
CarLogo51/lining/122 0.061 188.1 293.2 278.3 380.2
CarLogo51/lining/177 0.085 289.6 261.7 344.6 314.1
CarLogo51/lining/212 0.134 81.2 8.5 540.6 209.2
CarLogo51/lining/257 0.070 102.0 832.4 184.0 883.8
CarLogo51/lining/328 0.161 37.2 50.1 107.4 85.4
CarLogo51/pessi/234 0.251 1274.2 51.8 1366.6 148.4
CarLogo51/pessi/234 0.051 1222.9 292.6 1315.5 382.5
CarLogo51/pessi/31 0.068 445.5 89.7 529.3 177.3
CarLogo51/pessi/326 0.064 597.2 136.6 905.7 285.8
CarLogo51/pessi/340 0.078 426.2 18.2 490.8 62.5
CarLogo51/pessi/346 0.060 565.6 437.8 728.6 529.9
CarLogo51/pessi/346 0.055 1548.6 439.8 1620.0 504.5
CarLogo51/pessi/346 0.051 589.0 422.4 673.4 488.9
CarLogo51/pessi/357 0.052 171.8 779.5 326.2 910.6
CarLogo51/yili/100 0.136 330.3 73.4 387.6 138.7
CarLogo51/yili/104 0.068 360.3 372.7 444.4 448.5
CarLogo51/yili/112 0.093 3.2 1.0 94.6 94.8
CarLogo51/yili/120 0.093 3.2 1.0 94.6 94.8
CarLogo51/yili/135 0.065 163.3 130.8 205.7 173.9
CarLogo51/yili/138 0.052 198.6 75.9 251.5 112.8
CarLogo51/yili/180 0.093 551.8 28.5 709.0 204.9
CarLogo51/yili/185 0.054 66.4 240.9 155.2 302.3
CarLogo51/yili/220 0.070 519.2 763.2 590.3 830.8
CarLogo51/yili/225 0.060 403.0 275.8 451.1 332.7
CarLogo51/yili/229 0.086 322.0 114.4 399.7 200.0
CarLogo51/yili/24 0.074 304.7 74.1 364.1 126.2
CarLogo51/yili/241 0.056 401.8 275.5 448.8 330.4
CarLogo51/yili/274 0.177 117.0 408.9 222.6 525.8
CarLogo51/yili/276 0.098 205.4 109.9 257.2 163.1
CarLogo51/yili/279 0.070 804.0 163.0 868.1 249.3
CarLogo51/yili/281 0.054 71.6 225.7 214.4 275.0
CarLogo51/yili/285 0.149 280.0 138.3 346.1 190.4
CarLogo51/yili/36 0.102 659.8 29.9 710.0 89.6
CarLogo51/yili/36 0.063 590.9 30.3 641.4 92.7
CarLogo51/yili/41 0.131 1205.0 244.4 1280.0 338.8
CarLogo51/yili/41 0.066 1144.1 279.2 1212.8 338.9
CarLogo51/uniquo/1 0.052 1.0 255.2 549.0 467.9
CarLogo51/uniquo/164 0.069 278.4 311.8 321.2 345.0
CarLogo51/uniquo/249 0.074 46.0 134.0 76.7 183.1
CarLogo51/uniquo/272 0.051 298.0 235.7 369.5 273.7
CarLogo51/uniquo/281 0.064 102.1 128.1 132.3 160.4
CarLogo51/uniquo/30 0.073 1.0 37.1 671.6 271.4
CarLogo51/uniquo/300 0.052 94.7 159.1 137.7 210.8
CarLogo51/uniquo/302 0.057 2527.6 1202.5 2685.9 1396.3
CarLogo51/uniquo/302 0.050 611.6 1080.1 825.4 1290.7
CarLogo51/uniquo/313 0.117 1.0 252.9 418.5 364.7
CarLogo51/uniquo/313 0.061 15.1 352.6 368.9 510.1
CarLogo51/uniquo/317 0.056 290.7 249.6 328.0 289.8
CarLogo51/uniquo/339 0.067 44.2 117.5 179.6 179.3
CarLogo51/uniquo/388 0.057 173.7 136.8 212.2 184.2
CarLogo51/uniquo/454 0.073 435.9 314.7 499.5 380.2
CarLogo51/coca/271 0.062 556.6 5267.6 805.9 5440.6
CarLogo51/coca/275 0.050 1051.4 1579.4 1258.5 1809.8
CarLogo51/coca/276 0.058 390.2 1468.2 588.9 1691.9
CarLogo51/coca/284 0.077 200.4 479.2 1118.6 752.0
CarLogo51/coca/285 0.123 98.4 825.1 161.0 899.2
CarLogo51/coca/285 0.052 617.1 833.2 671.0 898.2
CarLogo51/coca/335 0.075 706.4 417.4 855.1 533.6
CarLogo51/coca/354 0.060 60.1 86.7 238.3 170.7
CarLogo51/coca/354 0.052 80.7 1.0 219.6 108.4
CarLogo51/coca/375 0.071 2698.0 2332.5 3013.5 2637.7
CarLogo51/coca/38 0.100 294.0 99.8 439.4 146.1
CarLogo51/coca/409 0.064 669.7 205.6 731.3 253.0
CarLogo51/Haier/0 0.999 99.2 95.8 542.4 263.2
CarLogo51/Haier/1 0.968 464.6 246.9 722.9 347.5
CarLogo51/Haier/10 1.000 14.2 88.0 372.2 209.4
CarLogo51/Haier/100 1.000 37.0 77.5 357.0 213.7
CarLogo51/Haier/101 1.000 85.5 135.7 405.6 244.5
CarLogo51/Haier/102 1.000 6.8 64.7 282.0 143.6
CarLogo51/Haier/103 0.999 46.2 1.0 440.0 143.2
CarLogo51/Haier/106 1.000 24.4 80.7 269.7 159.1
CarLogo51/Haier/107 0.998 32.3 110.2 209.4 182.4
CarLogo51/Haier/109 0.999 50.4 87.0 322.0 162.7
CarLogo51/Haier/11 0.996 14.4 168.9 373.9 277.0
CarLogo51/Haier/110 1.000 46.9 28.2 548.5 230.5
CarLogo51/Haier/111 0.994 182.4 560.0 563.5 697.9
CarLogo51/Haier/111 0.086 199.1 431.7 679.8 794.5
CarLogo51/Haier/112 0.995 23.5 80.9 379.6 188.9
CarLogo51/Haier/113 1.000 45.0 15.4 500.0 184.7
CarLogo51/Haier/114 0.997 59.6 366.9 481.2 504.4
CarLogo51/Haier/115 0.996 112.2 192.7 511.6 334.4
CarLogo51/Haier/115 0.056 1.0 120.7 812.5 314.9
CarLogo51/Haier/116 1.000 26.6 1.0 500.0 171.6
CarLogo51/Haier/117 0.507 1156.1 131.0 1251.4 211.3
CarLogo51/Haier/118 0.996 25.7 17.9 293.4 114.2
CarLogo51/Haier/118 0.460 486.7 17.5 583.4 104.8
CarLogo51/Haier/118 0.451 277.7 26.4 600.0 106.0
CarLogo51/Haier/118 0.320 1.0 133.1 289.3 195.0
CarLogo51/Haier/118 0.069 500.9 132.6 600.0 195.0
CarLogo51/Haier/119 1.000 95.0 128.1 402.3 221.7
CarLogo51/Haier/119 0.080 1.0 65.8 429.2 299.5
CarLogo51/Haier/120 1.000 70.7 52.0 553.0 257.1
CarLogo51/Haier/121 1.000 63.8 68.9 622.3 265.1
CarLogo51/Haier/122 1.000 85.2 230.8 590.9 417.7
CarLogo51/Haier/124 0.999 115.3 181.1 564.6 351.0
CarLogo51/Haier/124 0.074 74.0 61.4 991.1 374.7
CarLogo51/Haier/125 1.000 42.3 234.4 613.2 427.7
CarLogo51/Haier/126 1.000 18.4 40.0 223.8 106.0
CarLogo51/Haier/126 0.078 115.3 24.2 194.7 87.4
CarLogo51/Haier/128 1.000 1.0 48.8 573.6 233.9
CarLogo51/Haier/129 0.999 1.0 93.6 444.5 214.5
CarLogo51/Haier/13 1.000 105.5 406.7 1024.0 745.2
CarLogo51/Haier/130 0.539 542.8 529.1 648.5 602.3
CarLogo51/Haier/131 0.999 18.0 60.2 191.5 128.3
CarLogo51/Haier/132 0.997 18.2 45.0 89.4 74.8
CarLogo51/Haier/132 0.165 1.0 39.0 132.4 95.4
CarLogo51/Haier/133 1.000 38.0 1.0 510.0 158.6
CarLogo51/Haier/135 1.000 2.0 15.9 609.4 239.4
CarLogo51/Haier/136 1.000 37.8 212.1 553.5 399.1
CarLogo51/Haier/137 1.000 77.9 44.2 586.8 220.3
CarLogo51/Haier/138 1.000 112.5 84.7 574.2 200.0
CarLogo51/Haier/139 1.000 30.8 41.3 282.1 112.1
CarLogo51/Haier/139 0.087 31.2 1.0 213.0 212.0
CarLogo51/Haier/14 0.999 59.9 99.1 499.2 307.3
CarLogo51/Haier/140 0.999 1.0 9.3 212.7 61.2
CarLogo51/Haier/141 1.000 1.0 53.7 577.8 245.7
CarLogo51/Haier/142 1.000 85.3 180.1 536.9 345.6
CarLogo51/Haier/144 1.000 67.8 39.6 386.3 143.4
CarLogo51/Haier/149 0.999 223.5 68.3 573.6 173.3
CarLogo51/Haier/149 0.340 7.0 1.0 600.0 238.8
CarLogo51/Haier/15 0.999 102.0 723.9 869.4 972.5
CarLogo51/Haier/15 0.228 191.2 297.4 1016.9 499.0
CarLogo51/Haier/15 0.103 1.0 306.1 1024.0 1024.0
CarLogo51/Haier/159 0.999 240.7 326.4 1048.2 591.7
CarLogo51/Haier/16 1.000 1.0 42.5 1024.0 296.5
CarLogo51/Haier/160 0.998 1.0 1.0 640.0 162.1
CarLogo51/Haier/160 0.273 332.4 1.0 537.9 223.1
CarLogo51/Haier/161 0.998 14.0 29.0 111.4 66.1
CarLogo51/Haier/161 0.051 1.0 17.7 81.2 109.7
CarLogo51/Haier/165 1.000 1.0 54.2 150.0 113.2
CarLogo51/Haier/166 1.000 97.0 311.2 470.9 438.1
CarLogo51/Haier/168 0.999 99.6 249.6 626.2 459.7
CarLogo51/Haier/170 0.998 126.2 159.6 396.2 254.2
CarLogo51/Haier/170 0.055 274.5 261.8 319.3 313.8
CarLogo51/Haier/171 0.977 63.3 127.8 198.9 189.1
CarLogo51/Haier/171 0.123 64.2 60.6 244.7 228.6
CarLogo51/Haier/176 1.000 392.9 34.8 761.1 161.4
CarLogo51/Haier/178 1.000 1.0 1.0 1001.0 275.2
CarLogo51/Haier/179 0.999 1.0 1.0 750.0 281.0
CarLogo51/Haier/180 1.000 1.0 39.0 572.8 199.0
CarLogo51/Haier/181 0.965 98.9 240.6 305.0 328.6
CarLogo51/Haier/181 0.095 160.5 255.1 248.5 305.8
CarLogo51/Haier/183 1.000 1.0 103.6 982.1 417.1
CarLogo51/Haier/183 0.202 116.0 1.0 199.2 86.2
CarLogo51/Haier/184 0.965 92.2 116.2 344.2 207.2
CarLogo51/Haier/184 0.110 50.4 26.6 353.9 285.4
CarLogo51/Haier/185 1.000 2.4 25.9 300.9 109.9
CarLogo51/Haier/186 0.141 285.0 33.0 439.2 89.6
CarLogo51/Haier/186 0.091 7.5 22.2 139.4 92.5
CarLogo51/Haier/186 0.060 126.4 6.9 267.1 49.8
CarLogo51/Haier/187 1.000 8.0 43.6 443.0 136.5
CarLogo51/Haier/189 0.999 1.0 1.0 550.0 154.0
CarLogo51/Haier/19 0.909 378.4 541.2 697.9 665.8
CarLogo51/Haier/19 0.068 549.2 558.1 658.1 656.6
CarLogo51/Haier/190 1.000 105.8 48.3 400.8 147.1
CarLogo51/Haier/191 0.999 174.4 82.8 434.4 177.7
CarLogo51/Haier/193 0.999 1.0 188.6 624.5 363.0
CarLogo51/Haier/195 1.000 1.0 511.8 967.5 774.2
CarLogo51/Haier/195 0.341 93.1 123.5 839.9 987.0
CarLogo51/Haier/195 0.090 947.2 523.5 990.6 803.4
CarLogo51/Haier/196 0.999 92.4 175.6 376.9 275.5
CarLogo51/Haier/197 0.999 626.8 969.3 1501.5 1295.5
CarLogo51/Haier/198 1.000 1.0 65.3 902.4 312.0
CarLogo51/Haier/199 1.000 25.0 19.5 259.1 99.9
CarLogo51/Haier/2 0.999 136.1 294.6 698.3 494.7
CarLogo51/Haier/20 1.000 41.2 109.6 291.0 200.8
CarLogo51/Haier/20 0.999 366.0 116.1 608.0 208.6
CarLogo51/Haier/201 0.996 110.9 133.4 269.3 202.2
CarLogo51/Haier/204 1.000 77.8 13.3 375.4 96.7
CarLogo51/Haier/206 1.000 66.2 1.0 660.0 223.5
CarLogo51/Haier/206 0.121 1.9 232.1 253.8 328.0
CarLogo51/Haier/206 0.058 1.0 1.0 249.4 259.1
CarLogo51/Haier/207 0.996 165.6 168.8 495.8 274.9
CarLogo51/Haier/207 0.181 312.6 102.4 429.2 300.0
CarLogo51/Haier/209 0.994 509.2 79.0 810.9 225.6
CarLogo51/Haier/209 0.991 21.8 81.3 307.9 229.2
CarLogo51/Haier/209 0.970 1.0 1.0 314.7 90.3
CarLogo51/Haier/209 0.101 187.9 102.7 283.1 203.6
CarLogo51/Haier/211 0.998 131.5 186.7 377.7 270.4
CarLogo51/Haier/212 1.000 16.6 89.0 251.4 172.7
CarLogo51/Haier/213 0.421 30.0 275.0 125.5 335.1
CarLogo51/Haier/213 0.234 51.3 637.7 158.5 757.7
CarLogo51/Haier/213 0.100 35.8 386.4 127.9 442.2
CarLogo51/Haier/213 0.096 131.4 382.2 338.9 464.7
CarLogo51/Haier/213 0.055 386.8 250.6 475.3 337.7
CarLogo51/Haier/214 0.997 1450.0 1460.8 3256.2 2075.5
CarLogo51/Haier/215 1.000 53.3 59.8 415.0 186.3
CarLogo51/Haier/217 0.999 12.8 21.7 127.6 54.3
CarLogo51/Haier/221 1.000 16.2 49.8 191.5 106.7
CarLogo51/Haier/222 0.750 421.5 1.0 689.6 860.4
CarLogo51/Haier/223 0.992 80.8 91.8 244.6 164.5
CarLogo51/Haier/223 0.067 94.6 113.7 158.4 157.4
CarLogo51/Haier/226 1.000 43.1 111.0 465.1 268.4
CarLogo51/Haier/227 0.998 177.8 136.0 477.8 242.6
CarLogo51/Haier/227 0.071 1.0 27.0 487.0 257.5
CarLogo51/Haier/228 0.998 85.1 116.5 309.5 197.8
CarLogo51/Haier/229 1.000 2.4 133.8 248.5 214.9
CarLogo51/Haier/23 1.000 125.7 83.8 556.5 264.3
CarLogo51/Haier/23 0.062 81.5 1.0 298.2 285.6
CarLogo51/Haier/232 1.000 48.7 107.8 470.3 256.3
CarLogo51/Haier/233 1.000 18.7 80.2 287.3 170.7
CarLogo51/Haier/234 0.983 101.8 85.5 500.4 218.8
CarLogo51/Haier/234 0.088 72.2 65.5 231.9 295.0
CarLogo51/Haier/236 1.000 51.1 26.3 550.0 175.7
CarLogo51/Haier/237 1.000 75.7 114.4 758.1 342.4
CarLogo51/Haier/239 0.836 16.3 593.3 360.1 709.2
CarLogo51/Haier/24 0.999 130.7 42.1 841.3 293.3
CarLogo51/Haier/24 0.055 115.3 85.5 417.1 395.0
CarLogo51/Haier/240 0.999 77.8 286.6 737.8 522.4
CarLogo51/Haier/240 0.621 1.0 42.9 813.1 717.4
CarLogo51/Haier/240 0.359 58.1 1.0 792.6 218.7
CarLogo51/Haier/240 0.061 628.5 928.0 983.0 986.6
CarLogo51/Haier/241 0.998 275.9 689.1 956.9 985.7
CarLogo51/Haier/241 0.986 446.4 1514.3 1016.0 1714.4
CarLogo51/Haier/241 0.217 112.9 1446.3 1279.9 1811.0
CarLogo51/Haier/241 0.104 401.9 1302.8 749.9 1811.0
CarLogo51/Haier/242 1.000 1.0 47.7 243.0 128.5
CarLogo51/Haier/242 0.095 103.4 1.0 200.5 151.8
CarLogo51/Haier/244 0.999 62.0 1.0 865.0 299.6
CarLogo51/Haier/245 0.995 56.8 252.8 342.7 364.1
CarLogo51/Haier/247 0.999 80.6 76.1 217.9 127.2
CarLogo51/Haier/248 0.999 490.2 36.5 820.5 147.8
CarLogo51/Haier/25 0.998 248.3 97.3 525.8 198.7
CarLogo51/Haier/252 1.000 230.8 76.1 913.0 322.3
CarLogo51/Haier/252 0.418 185.2 1.0 860.4 800.0
CarLogo51/Haier/252 0.054 162.8 129.5 567.3 434.0
CarLogo51/Haier/253 0.960 333.5 98.5 587.2 209.7
CarLogo51/Haier/253 0.053 201.3 160.2 280.6 215.9
CarLogo51/Haier/254 0.994 121.1 372.9 353.2 480.4
CarLogo51/Haier/255 1.000 153.7 103.4 487.5 219.6
CarLogo51/Haier/255 0.136 87.5 1.0 640.0 238.0
CarLogo51/Haier/256 1.000 102.2 14.2 442.9 126.7
CarLogo51/Haier/257 0.999 64.2 110.9 324.0 200.0
CarLogo51/Haier/257 0.477 1.0 348.0 320.6 431.4
CarLogo51/Haier/257 0.097 64.7 76.1 324.0 442.0
CarLogo51/Haier/258 1.000 1.0 28.5 390.0 127.2
CarLogo51/Haier/259 1.000 1.0 195.2 597.0 382.2
CarLogo51/Haier/26 0.999 280.9 249.6 908.6 437.3
CarLogo51/Haier/261 0.999 46.2 85.4 300.3 177.9
CarLogo51/Haier/262 0.339 471.1 201.2 527.6 281.3
CarLogo51/Haier/263 0.997 36.8 74.4 237.0 141.5
CarLogo51/Haier/263 0.325 51.1 8.2 288.2 181.9
CarLogo51/Haier/264 1.000 259.6 65.3 741.0 203.2
CarLogo51/Haier/264 0.264 87.6 1.0 800.0 313.5
CarLogo51/Haier/27 0.999 27.9 378.5 636.2 562.9
CarLogo51/Haier/28 1.000 9.3 171.1 753.2 407.6
CarLogo51/Haier/29 0.999 26.6 37.3 286.6 124.2
CarLogo51/Haier/3 0.999 20.3 1.0 1024.0 303.4
CarLogo51/Haier/30 1.000 145.6 114.0 503.7 225.5
CarLogo51/Haier/31 0.998 1.0 1.0 498.8 156.0
CarLogo51/Haier/32 0.906 266.5 162.3 454.7 236.7
CarLogo51/Haier/34 0.996 150.2 288.1 557.4 421.5
CarLogo51/Haier/36 0.983 128.5 43.0 276.7 163.1
CarLogo51/Haier/36 0.217 97.0 1.0 300.0 300.0
CarLogo51/Haier/37 1.000 16.8 70.9 207.7 147.3
CarLogo51/Haier/37 0.999 278.5 76.8 474.0 150.5
CarLogo51/Haier/37 0.610 1.0 47.6 477.1 141.1
CarLogo51/Haier/38 0.999 41.5 51.6 524.7 220.8
CarLogo51/Haier/38 0.088 38.0 96.2 256.2 276.3
CarLogo51/Haier/39 1.000 69.4 12.7 319.4 84.1
CarLogo51/Haier/4 0.999 146.6 1.0 1895.9 560.0
CarLogo51/Haier/40 0.999 1.0 5.7 255.9 107.6
CarLogo51/Haier/41 0.999 37.0 42.1 515.3 191.9
CarLogo51/Haier/41 0.347 217.4 33.5 339.3 156.5
CarLogo51/Haier/42 0.999 1.0 32.3 179.7 96.3
CarLogo51/Haier/43 0.999 175.4 75.2 380.7 148.5
CarLogo51/Haier/43 0.796 164.1 1.0 282.3 28.5
CarLogo51/Haier/43 0.114 126.3 1.0 558.0 153.5
CarLogo51/Haier/44 0.999 78.5 113.2 421.1 232.2
CarLogo51/Haier/44 0.632 1.0 83.5 779.7 285.5
CarLogo51/Haier/45 1.000 51.2 160.9 428.6 291.5
CarLogo51/Haier/45 0.209 1.0 93.3 700.6 338.3
CarLogo51/Haier/47 0.998 26.0 23.3 267.0 84.7
CarLogo51/Haier/48 1.000 1.0 55.1 160.0 115.7
CarLogo51/Haier/49 0.993 244.8 290.6 538.5 406.8
CarLogo51/Haier/5 1.000 92.6 93.9 426.1 219.8
CarLogo51/Haier/50 0.998 1.1 72.7 293.3 156.0
CarLogo51/Haier/51 1.000 1.0 1.0 297.7 84.9
CarLogo51/Haier/52 0.994 91.9 229.1 691.8 397.0
CarLogo51/Haier/53 0.999 311.0 248.6 866.8 455.1
CarLogo51/Haier/54 0.993 244.8 290.6 538.5 406.8
CarLogo51/Haier/55 0.998 26.7 137.0 342.3 234.2
CarLogo51/Haier/56 0.998 1.1 72.7 293.3 156.0
CarLogo51/Haier/57 1.000 223.4 276.8 796.5 452.3
CarLogo51/Haier/57 0.875 289.1 480.7 968.7 636.1
CarLogo51/Haier/57 0.195 284.4 158.0 1024.0 644.0
CarLogo51/Haier/58 1.000 44.6 98.9 328.4 201.9
CarLogo51/Haier/59 1.000 25.6 122.2 561.7 300.6
CarLogo51/Haier/59 0.050 579.0 123.6 600.0 566.0
CarLogo51/Haier/6 0.999 105.4 689.8 891.3 981.5
CarLogo51/Haier/6 0.105 150.9 4.9 808.3 1024.0
CarLogo51/Haier/60 1.000 1.1 72.4 357.8 183.2
CarLogo51/Haier/60 0.239 15.5 14.7 632.0 238.0
CarLogo51/Haier/61 1.000 1.0 141.1 337.4 266.8
CarLogo51/Haier/62 0.999 105.4 689.8 891.3 981.5
CarLogo51/Haier/62 0.105 150.9 4.9 808.3 1024.0
CarLogo51/Haier/64 0.999 129.1 244.1 751.9 475.4
CarLogo51/Haier/65 0.983 240.5 1.0 438.0 79.0
CarLogo51/Haier/65 0.421 348.6 26.0 425.0 76.4
CarLogo51/Haier/65 0.056 287.4 32.3 388.5 106.9
CarLogo51/Haier/67 1.000 51.9 21.1 437.7 127.9
CarLogo51/Haier/68 0.998 17.1 110.4 403.7 214.2
CarLogo51/Haier/7 1.000 223.4 276.8 796.5 452.3
CarLogo51/Haier/7 0.875 289.1 480.7 968.7 636.1
CarLogo51/Haier/7 0.195 284.4 158.0 1024.0 644.0
CarLogo51/Haier/70 0.997 204.8 504.0 786.4 704.1
CarLogo51/Haier/70 0.415 161.5 329.2 1007.3 831.0
CarLogo51/Haier/70 0.053 288.6 1.0 610.4 696.4
CarLogo51/Haier/74 0.999 284.6 349.9 866.7 549.5
CarLogo51/Haier/75 0.999 16.7 88.3 264.5 174.4
CarLogo51/Haier/79 0.995 74.8 113.3 342.2 201.2
CarLogo51/Haier/79 0.054 9.8 79.0 533.5 233.0
CarLogo51/Haier/8 0.997 24.4 146.7 203.7 223.0
CarLogo51/Haier/8 0.096 1.0 131.2 408.8 249.1
CarLogo51/Haier/80 1.000 1.0 36.5 490.0 165.2
CarLogo51/Haier/80 0.073 165.0 1.0 335.3 204.9
CarLogo51/Haier/81 0.923 518.6 240.1 764.0 342.4
CarLogo51/Haier/81 0.151 663.6 257.4 731.8 333.5
CarLogo51/Haier/82 0.999 99.2 95.8 542.4 263.2
CarLogo51/Haier/83 0.998 1056.9 23.8 2318.1 489.7
CarLogo51/Haier/85 0.999 30.8 1.0 1024.0 361.9
CarLogo51/Haier/86 1.000 42.2 1.0 447.0 134.7
CarLogo51/Haier/87 0.999 41.3 66.4 262.5 148.7
CarLogo51/Haier/87 0.367 1.0 27.7 488.1 153.9
CarLogo51/Haier/88 0.990 59.9 87.7 140.0 123.8
CarLogo51/Haier/88 0.096 105.3 88.8 130.9 116.1
CarLogo51/Haier/89 0.999 1.0 1.0 436.5 162.0
CarLogo51/Haier/9 1.000 55.5 67.6 436.8 183.8
CarLogo51/Haier/9 0.094 1.0 1.0 472.7 320.5
CarLogo51/Haier/90 0.996 613.7 954.4 2974.2 1776.6
CarLogo51/Haier/91 0.999 41.5 58.7 244.4 132.2
CarLogo51/Haier/91 0.440 1.0 36.4 454.0 147.8
CarLogo51/Haier/92 0.999 16.5 113.6 232.9 188.1
CarLogo51/Haier/92 0.439 248.6 97.3 516.7 148.6
CarLogo51/Haier/93 0.993 1.0 29.8 254.0 122.3
CarLogo51/Haier/93 0.708 38.6 150.9 279.6 212.0
CarLogo51/Haier/94 0.999 39.2 59.5 249.1 133.2
CarLogo51/Haier/94 0.089 1.0 58.9 484.1 185.8
CarLogo51/Haier/95 0.999 88.5 78.1 1092.2 414.3
CarLogo51/Haier/96 1.000 34.3 22.1 228.3 93.6
CarLogo51/Haier/96 0.999 26.3 101.3 221.8 174.2
CarLogo51/Haier/96 0.509 1.0 16.0 335.9 163.3
CarLogo51/Haier/97 1.000 14.2 88.0 372.2 209.4
CarLogo51/Haier/98 1.000 140.8 77.8 400.9 167.7
CarLogo51/Haier/99 0.987 72.9 38.3 350.4 125.8
CarLogo51/Haier/99 0.169 101.2 19.6 199.3 114.6
CarLogo51/Haier/99 0.078 186.0 16.3 270.7 105.2
CarLogo51/Huawei/102 0.100 148.4 97.1 1023.0 516.1
CarLogo51/Huawei/18 0.073 512.3 161.7 756.8 253.6
CarLogo51/Huawei/18 0.053 384.1 280.6 499.9 349.8
CarLogo51/Huawei/233 0.074 73.5 81.9 200.0 127.4
CarLogo51/Huawei/237 0.054 385.1 205.8 536.0 328.9
CarLogo51/Huawei/277 0.103 1.0 145.0 600.0 389.0
CarLogo51/Huawei/315 0.052 402.6 96.3 817.2 247.3
CarLogo51/Huawei/319 0.125 230.9 69.9 500.0 129.3
CarLogo51/Huawei/38 0.220 1296.9 30.1 1505.5 290.9
CarLogo51/Huawei/38 0.176 550.6 123.4 1708.1 319.0
CarLogo51/Huawei/44 0.081 463.5 101.7 531.6 141.7
CarLogo51/Huawei/44 0.057 438.5 184.1 480.2 225.0
CarLogo51/Huawei/66 0.079 276.9 54.4 569.9 146.8
CarLogo51/Huawei/96 0.245 371.4 212.4 549.4 269.6
CarLogo51/Apple/325 0.315 181.3 271.6 423.7 333.0
CarLogo51/Apple/325 0.073 170.6 118.4 484.3 252.5
CarLogo51/Apple/328 0.133 295.8 354.7 598.2 463.2
CarLogo51/Apple/397 0.067 101.7 304.7 549.5 528.0
CarLogo51/Apple/547 0.078 70.3 191.7 138.8 279.6
CarLogo51/Apple/595 0.064 236.0 85.6 508.0 181.0
CarLogo51/Apple/605 0.105 293.4 127.8 341.6 189.7
CarLogo51/Apple/605 0.093 528.2 130.3 607.3 190.9
CarLogo51/Apple/605 0.074 47.8 125.6 130.6 190.2
CarLogo51/Apple/605 0.067 73.2 153.0 110.3 188.6
CarLogo51/Lenovo/104 0.087 504.4 209.9 554.6 268.8
CarLogo51/Lenovo/11 0.190 1.0 47.3 1003.9 430.3
CarLogo51/Lenovo/115 0.197 945.6 462.1 1263.0 577.5
CarLogo51/Lenovo/14 0.057 57.9 832.8 177.4 936.1
CarLogo51/Lenovo/141 0.050 293.6 112.5 310.0 176.8
CarLogo51/Lenovo/162 0.075 664.5 140.3 832.6 203.4
CarLogo51/Lenovo/162 0.056 801.0 20.9 884.3 90.6
CarLogo51/Lenovo/18 0.108 183.5 68.3 257.0 145.5
CarLogo51/Lenovo/198 0.053 185.5 97.0 228.1 138.5
CarLogo51/Lenovo/205 0.278 551.1 48.7 823.7 167.2
CarLogo51/Lenovo/208 0.337 81.4 236.4 441.7 344.4
CarLogo51/Lenovo/231 0.241 79.1 53.4 640.0 276.9
CarLogo51/Lenovo/231 0.059 1.0 1.0 240.2 251.5
CarLogo51/Lenovo/246 0.116 1.0 223.4 84.3 285.2
CarLogo51/Lenovo/259 0.058 70.2 77.2 327.8 151.5
CarLogo51/Lenovo/29 0.117 1.0 20.7 336.0 175.1
CarLogo51/Lenovo/343 0.073 567.5 106.2 618.2 155.0
CarLogo51/Lenovo/344 0.234 30.2 84.5 213.3 240.0
CarLogo51/Lenovo/380 0.092 74.8 104.0 420.5 210.7
CarLogo51/Lenovo/41 0.178 462.9 231.1 614.8 292.1
CarLogo51/Lenovo/42 0.100 259.3 443.8 666.1 576.1
CarLogo51/Lenovo/42 0.092 263.0 319.5 669.9 450.8
CarLogo51/Lenovo/6 0.263 103.7 306.5 572.5 448.3
CarLogo51/Lenovo/62 0.121 366.6 80.0 650.0 180.1
CarLogo51/Lenovo/62 0.099 406.5 191.3 645.4 283.5
CarLogo51/Lenovo/66 0.127 270.6 98.4 407.9 157.9
CarLogo51/Lenovo/66 0.077 350.6 129.7 500.0 195.5
CarLogo51/Lenovo/7 0.127 1.0 46.3 274.8 132.6
CarLogo51/Lenovo/72 0.263 103.7 306.5 572.5 448.3
CarLogo51/Lenovo/86 0.057 57.9 832.8 177.4 936.1
CarLogo51/Lenovo/94 0.130 1.0 36.3 161.1 106.7
CarLogo51/Lenovo/95 0.083 941.9 453.7 1091.5 616.5
CarLogo51/McDonalds/105 0.103 353.3 217.0 418.4 291.9
CarLogo51/McDonalds/111 0.365 8.5 192.6 274.1 246.7
CarLogo51/McDonalds/125 0.178 377.0 232.5 576.0 293.1
CarLogo51/McDonalds/139 0.342 259.4 450.3 829.5 616.9
CarLogo51/McDonalds/153 0.211 23.6 184.8 218.9 235.2
CarLogo51/McDonalds/16 0.165 72.7 442.1 507.3 561.5
CarLogo51/McDonalds/169 0.050 2284.2 4360.1 2861.5 4831.5
CarLogo51/McDonalds/17 0.079 76.5 285.1 337.7 369.0
CarLogo51/McDonalds/170 0.071 628.9 596.0 976.1 697.3
CarLogo51/McDonalds/174 0.073 391.1 276.0 600.0 343.8
CarLogo51/McDonalds/174 0.051 52.7 249.5 600.0 350.0
CarLogo51/McDonalds/18 0.058 278.7 282.4 719.0 385.3
CarLogo51/McDonalds/182 0.278 117.5 237.7 400.9 302.0
CarLogo51/McDonalds/198 0.083 416.5 241.7 495.5 316.8
CarLogo51/McDonalds/24 0.066 934.2 598.8 1003.4 660.1
CarLogo51/McDonalds/355 0.052 269.1 229.0 500.0 298.2
CarLogo51/McDonalds/38 0.480 153.7 207.4 261.5 265.0
CarLogo51/McDonalds/41 0.170 832.5 69.5 1024.0 170.5
CarLogo51/McDonalds/58 0.721 1.0 304.4 296.0 365.3
CarLogo51/McDonalds/6 0.721 1.0 304.4 296.0 365.3
CarLogo51/McDonalds/61 0.050 303.3 314.6 512.1 395.3
CarLogo51/McDonalds/68 0.165 72.7 442.1 507.3 561.5
CarLogo51/McDonalds/69 0.079 76.5 285.1 337.7 369.0
CarLogo51/McDonalds/70 0.058 278.7 282.4 719.0 385.3
CarLogo51/McDonalds/76 0.066 934.2 598.8 1003.4 660.1
CarLogo51/McDonalds/9 0.050 303.3 314.6 512.1 395.3
CarLogo51/McDonalds/90 0.480 153.7 207.4 261.5 265.0
CarLogo51/McDonalds/93 0.170 832.5 69.5 1024.0 170.5
CarLogo51/Amazon/118 0.089 1.0 116.5 253.6 198.6
CarLogo51/Amazon/12 0.089 1.0 116.5 253.6 198.6
CarLogo51/Amazon/144 0.089 242.2 649.6 390.6 804.5
CarLogo51/Amazon/195 0.630 158.3 250.0 498.1 336.4
CarLogo51/Amazon/252 0.158 188.6 40.9 470.6 128.8
CarLogo51/Amazon/253 0.055 97.1 154.6 286.3 206.7
CarLogo51/Amazon/290 0.072 349.2 313.4 654.5 429.1
CarLogo51/Amazon/301 0.288 193.6 289.3 493.8 371.0
CarLogo51/Amazon/301 0.053 124.9 153.9 530.9 255.8
CarLogo51/Amazon/326 0.495 87.9 479.8 809.0 672.8
CarLogo51/Amazon/326 0.217 588.6 482.6 776.3 682.5
CarLogo51/Amazon/327 0.288 193.6 289.3 493.8 371.0
CarLogo51/Amazon/327 0.053 124.9 153.9 530.9 255.8
CarLogo51/Amazon/350 0.266 367.3 114.0 640.0 203.5
CarLogo51/Amazon/38 0.089 242.2 649.6 390.6 804.5
CarLogo51/Amazon/384 0.051 1.0 1.0 400.0 252.8
CarLogo51/Amazon/556 0.067 1.0 195.6 1024.0 460.4
CarLogo51/Amazon/558 0.234 476.5 54.2 740.0 125.2
CarLogo51/Amazon/560 0.091 344.7 59.7 447.0 159.8
CarLogo51/Amazon/65 0.089 1.0 116.5 253.6 198.6
CarLogo51/Amazon/91 0.089 242.2 649.6 390.6 804.5
